;0
0;0.026
1;0.042
2;0.057
3;0.037
4;0.009
5;0.013
6;0.021
7;0.033
8;0.001
9;0.041
10;0.0
11;0.003
12;0.007
13;0.0
14;0.044
15;0.01
16;0.0
17;0.002
18;0.0
19;0.0
20;0.0
21;0.003
22;0.0
23;0.0
24;0.0
25;0.0
26;0.0
27;0.0
28;0.0
29;0.0
30;0.0
31;0.0
32;0.0
33;0.0
34;0.0
35;0.0
36;0.006
37;0.021
38;0.001
39;0.066
40;0.014
41;0.014
42;0.033
43;0.004
44;0.038
45;0.001
46;0.0
47;0.0
48;0.014
49;0.008
50;0.014
51;0.003
52;0.007
53;0.054
54;0.031
55;0.021
56;0.028
57;0.034
58;0.038
59;0.004
60;0.0
61;0.054
62;0.03
63;0.0
64;0.0
65;0.0
66;0.005
67;0.005
68;0.001
69;0.0
70;0.0
71;0.002
72;0.0
73;0.0
74;0.0
75;0.001
76;0.002
77;0.0
78;0.0
79;0.0
80;0.0
81;0.0
82;0.0
83;0.0
84;0.0
85;0.0
86;0.0
87;0.023
88;0.005
89;0.0
90;0.02
91;0.0
92;0.056
93;0.04
94;0.043
95;0.003
96;0.001
97;0.016
98;0.017
99;0.002
100;0.0
101;0.008
102;0.0
103;0.011
104;0.004
105;0.004
106;0.0
107;0.023
108;0.044
109;0.001
110;0.002
111;0.058
112;0.048
113;0.007
114;0.031
115;0.008
116;0.006
117;0.0
118;0.0
119;0.009
120;0.005
121;0.007
122;0.0
123;0.0
124;0.018
125;0.002
126;0.0
127;0.001
128;0.0
129;0.0
130;0.0
131;0.0
132;0.0
133;0.0
134;0.0
135;0.0
136;0.0
137;0.0
138;0.0
139;0.0
140;0.0
141;0.005
142;0.0
143;0.001
144;0.048
145;0.001
146;0.029
147;0.002
148;0.006
149;0.063
150;0.035
151;0.012
152;0.041
153;0.0
154;0.032
155;0.003
156;0.016
157;0.015
158;0.007
159;0.003
160;0.024
161;0.012
162;0.027
163;0.045
164;0.0
165;0.049
166;0.018
167;0.0
168;0.0
169;0.0
170;0.007
171;0.017
172;0.002
173;0.0
174;0.0
175;0.0
176;0.002
177;0.0
178;0.0
179;0.0
180;0.0
181;0.0
182;0.0
183;0.0
184;0.0
185;0.001
186;0.0
187;0.0
188;0.0
189;0.0
190;0.0
191;0.014
192;0.0
193;0.012
194;0.0
195;0.0
196;0.0
197;0.04
198;0.052
199;0.062
200;0.011
201;0.0
202;0.022
203;0.0
204;0.024
205;0.007
206;0.003
207;0.0
208;0.003
209;0.0
210;0.024
211;0.024
212;0.024
213;0.006
214;0.044
215;0.008
216;0.014
217;0.057
218;0.037
219;0.022
220;0.012
221;0.026
222;0.003
223;0.0
224;0.022
225;0.006
226;0.001
227;0.001
228;0.003
229;0.0
230;0.0
231;0.0
232;0.0
233;0.0
234;0.0
235;0.0
236;0.0
237;0.0
238;0.0
239;0.0
240;0.0
241;0.005
242;0.005
243;0.036
244;0.017
245;0.022
246;0.0
247;0.0
248;0.072
249;0.002
250;0.0
251;0.0
252;0.025
253;0.038
254;0.013
255;0.064
256;0.027
257;0.0
258;0.0
259;0.0
260;0.053
261;0.019
262;0.033
263;0.009
264;0.038
265;0.047
266;0.009
267;0.0
268;0.0
269;0.053
270;0.016
271;0.0
272;0.017
273;0.005
274;0.018
275;0.001
276;0.006
277;0.019
278;0.004
279;0.0
280;0.005
281;0.003
282;0.001
283;0.004
284;0.0
285;0.0
286;0.0
287;0.0
288;0.0
289;0.0
290;0.0
291;0.0
292;0.0
293;0.0
294;0.0
295;0.0
296;0.0
297;0.0
298;0.001
299;0.004
300;0.034
301;0.0
302;0.0
303;0.002
304;0.008
305;0.051
306;0.007
307;0.011
308;0.028
309;0.019
310;0.007
311;0.0
312;0.009
313;0.0
314;0.0
315;0.032
316;0.063
317;0.055
318;0.035
319;0.082
320;0.091
321;0.028
322;0.01
323;0.022
324;0.014
325;0.008
326;0.0
327;0.0
328;0.0
329;0.0
330;0.0
331;0.0
332;0.003
333;0.005
334;0.0
335;0.002
336;0.0
337;0.0
338;0.0
339;0.0
340;0.0
341;0.0
342;0.004
343;0.0
344;0.003
345;0.01
346;0.0
347;0.0
348;0.027
349;0.0
350;0.0
351;0.0
352;0.038
353;0.034
354;0.031
355;0.0
356;0.017
357;0.0
358;0.0
359;0.015
360;0.026
361;0.0
362;0.0
363;0.001
364;0.0
365;0.015
366;0.006
367;0.017
368;0.001
369;0.0
370;0.002
371;0.024
372;0.008
373;0.004
374;0.025
375;0.042
376;0.027
377;0.008
378;0.0
379;0.049
380;0.0
381;0.0
382;0.024
383;0.003
384;0.007
385;0.001
386;0.0
387;0.0
388;0.0
389;0.0
390;0.023
391;0.002
392;0.0
393;0.0
394;0.0
395;0.0
396;0.0
397;0.0
398;0.002
399;0.0
400;0.0
401;0.006
402;0.0
403;0.006
404;0.003
405;0.009
406;0.009
407;0.029
408;0.015
409;0.01
410;0.035
411;0.078
412;0.002
413;0.019
414;0.008
415;0.006
416;0.0
417;0.001
418;0.025
419;0.067
420;0.047
421;0.03
422;0.04
423;0.026
424;0.0
425;0.008
426;0.006
427;0.0
428;0.0
429;0.0
430;0.028
431;0.0
432;0.0
433;0.0
434;0.0
435;0.0
436;0.0
437;0.0
438;0.0
439;0.0
440;0.0
441;0.001
442;0.0
443;0.0
444;0.0
445;0.003
446;0.0
447;0.0
448;0.0
449;0.0
450;0.0
451;0.0
452;0.0
453;0.025
454;0.0
455;0.019
456;0.003
457;0.013
458;0.0
459;0.001
460;0.003
461;0.043
462;0.053
463;0.0
464;0.0
465;0.019
466;0.005
467;0.0
468;0.005
469;0.011
470;0.013
471;0.013
472;0.002
473;0.002
474;0.016
475;0.024
476;0.021
477;0.055
478;0.01
479;0.003
480;0.005
481;0.04
482;0.0
483;0.0
484;0.005
485;0.0
486;0.008
487;0.006
488;0.001
489;0.001
490;0.0
491;0.0
492;0.0
493;0.029
494;0.019
495;0.0
496;0.0
497;0.0
498;0.0
499;0.0
500;0.016
501;0.0
502;0.0
503;0.002
504;0.0
505;0.002
506;0.0
507;0.042
508;0.031
509;0.017
510;0.046
511;0.029
512;0.013
513;0.105
514;0.011
515;0.009
516;0.012
517;0.0
518;0.011
519;0.003
520;0.0
521;0.0
522;0.018
523;0.006
524;0.008
525;0.02
526;0.008
527;0.0
528;0.0
529;0.0
530;0.0
531;0.0
532;0.012
533;0.037
534;0.0
535;0.023
536;0.005
537;0.001
538;0.0
539;0.0
540;0.0
541;0.004
542;0.003
543;0.0
544;0.0
545;0.0
546;0.0
547;0.0
548;0.0
549;0.0
550;0.0
551;0.0
552;0.0
553;0.0
554;0.0
555;0.0
556;0.008
557;0.003
558;0.0
559;0.0
560;0.034
561;0.009
562;0.006
563;0.0
564;0.074
565;0.049
566;0.096
567;0.016
568;0.051
569;0.0
570;0.001
571;0.035
572;0.004
573;0.0
574;0.0
575;0.0
576;0.0
577;0.001
578;0.001
579;0.0
580;0.0
581;0.002
582;0.008
583;0.015
584;0.0
585;0.039
586;0.03
587;0.0
588;0.0
589;0.005
590;0.005
591;0.0
592;0.0
593;0.006
594;0.0
595;0.003
596;0.002
597;0.0
598;0.0
599;0.0
600;0.0
601;0.0
602;0.0
603;0.0
604;0.0
605;0.0
606;0.0
607;0.0
608;0.0
609;0.019
610;0.028
611;0.0
612;0.006
613;0.0
614;0.011
615;0.0
616;0.011
617;0.0
618;0.0
619;0.003
620;0.007
621;0.013
622;0.058
623;0.028
624;0.018
625;0.012
626;0.006
627;0.005
628;0.016
629;0.017
630;0.015
631;0.015
632;0.004
633;0.0
634;0.0
635;0.004
636;0.004
637;0.048
638;0.0
639;0.004
640;0.0
641;0.01
642;0.008
643;0.0
644;0.0
645;0.0
646;0.0
647;0.001
648;0.0
649;0.0
650;0.0
651;0.0
652;0.0
653;0.0
654;0.0
655;0.0
656;0.0
657;0.0
658;0.0
659;0.0
660;0.0
661;0.029
662;0.003
663;0.0
664;0.0
665;0.018
666;0.004
667;0.0
668;0.029
669;0.044
670;0.095
671;0.06
672;0.018
673;0.069
674;0.02
675;0.028
676;0.0
677;0.004
678;0.0