;0
0;0.015
1;0.086
2;0.042
3;0.032
4;0.022
5;0.016
6;0.043
7;0.02
8;0.006
9;0.031
10;0.0
11;0.029
12;0.009
13;0.0
14;0.019
15;0.01
16;0.001
17;0.006
18;0.0
19;0.002
20;0.0
21;0.002
22;0.0
23;0.0
24;0.001
25;0.0
26;0.0
27;0.0
28;0.0
29;0.0
30;0.0
31;0.0
32;0.0
33;0.0
34;0.003
35;0.002
36;0.036
37;0.035
38;0.004
39;0.042
40;0.001
41;0.054
42;0.046
43;0.005
44;0.019
45;0.0
46;0.0
47;0.008
48;0.019
49;0.021
50;0.008
51;0.016
52;0.002
53;0.036
54;0.046
55;0.062
56;0.026
57;0.025
58;0.05
59;0.002
60;0.0
61;0.074
62;0.023
63;0.0
64;0.0
65;0.0
66;0.013
67;0.013
68;0.01
69;0.0
70;0.0
71;0.0
72;0.01
73;0.0
74;0.0
75;0.0
76;0.002
77;0.0
78;0.0
79;0.0
80;0.0
81;0.0
82;0.0
83;0.0
84;0.0
85;0.0
86;0.0
87;0.024
88;0.024
89;0.001
90;0.032
91;0.0
92;0.038
93;0.028
94;0.027
95;0.003
96;0.026
97;0.004
98;0.006
99;0.005
100;0.001
101;0.01
102;0.009
103;0.004
104;0.0
105;0.001
106;0.002
107;0.011
108;0.066
109;0.002
110;0.002
111;0.101
112;0.049
113;0.019
114;0.016
115;0.01
116;0.0
117;0.001
118;0.0
119;0.031
120;0.009
121;0.018
122;0.012
123;0.0
124;0.031
125;0.001
126;0.0
127;0.0
128;0.0
129;0.0
130;0.0
131;0.0
132;0.0
133;0.0
134;0.0
135;0.0
136;0.0
137;0.0
138;0.0
139;0.0
140;0.0
141;0.01
142;0.005
143;0.0
144;0.017
145;0.003
146;0.013
147;0.002
148;0.006
149;0.005
150;0.013
151;0.001
152;0.003
153;0.0
154;0.029
155;0.0
156;0.0
157;0.002
158;0.002
159;0.002
160;0.021
161;0.037
162;0.024
163;0.035
164;0.006
165;0.026
166;0.016
167;0.0
168;0.0
169;0.0
170;0.011
171;0.007
172;0.001
173;0.0
174;0.0
175;0.002
176;0.004
177;0.002
178;0.0
179;0.0
180;0.0
181;0.0
182;0.0
183;0.0
184;0.0
185;0.002
186;0.0
187;0.0
188;0.0
189;0.0
190;0.0
191;0.005
192;0.0
193;0.004
194;0.0
195;0.0
196;0.0
197;0.027
198;0.003
199;0.04
200;0.003
201;0.002
202;0.024
203;0.003
204;0.023
205;0.031
206;0.008
207;0.008
208;0.004
209;0.001
210;0.027
211;0.027
212;0.056
213;0.008
214;0.03
215;0.009
216;0.023
217;0.053
218;0.021
219;0.041
220;0.012
221;0.012
222;0.001
223;0.0
224;0.008
225;0.006
226;0.0
227;0.001
228;0.001
229;0.0
230;0.0
231;0.0
232;0.0
233;0.0
234;0.0
235;0.0
236;0.0
237;0.0
238;0.0
239;0.0
240;0.001
241;0.021
242;0.004
243;0.012
244;0.005
245;0.01
246;0.0
247;0.0
248;0.017
249;0.008
250;0.0
251;0.0
252;0.006
253;0.007
254;0.017
255;0.022
256;0.031
257;0.0
258;0.003
259;0.001
260;0.039
261;0.008
262;0.01
263;0.021
264;0.04
265;0.068
266;0.026
267;0.0
268;0.0
269;0.036
270;0.01
271;0.0
272;0.014
273;0.017
274;0.039
275;0.0
276;0.021
277;0.009
278;0.005
279;0.0
280;0.01
281;0.008
282;0.004
283;0.0
284;0.0
285;0.0
286;0.0
287;0.0
288;0.0
289;0.0
290;0.0
291;0.0
292;0.0
293;0.0
294;0.0
295;0.0
296;0.0
297;0.001
298;0.0
299;0.001
300;0.007
301;0.0
302;0.0
303;0.02
304;0.004
305;0.019
306;0.002
307;0.003
308;0.011
309;0.011
310;0.01
311;0.001
312;0.025
313;0.021
314;0.0
315;0.023
316;0.052
317;0.03
318;0.027
319;0.014
320;0.091
321;0.022
322;0.07
323;0.045
324;0.014
325;0.034
326;0.01
327;0.0
328;0.0
329;0.001
330;0.0
331;0.0
332;0.07
333;0.003
334;0.0
335;0.001
336;0.0
337;0.001
338;0.0
339;0.0
340;0.0
341;0.0
342;0.0
343;0.0
344;0.01
345;0.0
346;0.0
347;0.0
348;0.029
349;0.003
350;0.003
351;0.01
352;0.008
353;0.019
354;0.08
355;0.016
356;0.02
357;0.001
358;0.001
359;0.036
360;0.019
361;0.0
362;0.001
363;0.002
364;0.001
365;0.011
366;0.001
367;0.051
368;0.004
369;0.001
370;0.003
371;0.015
372;0.006
373;0.013
374;0.011
375;0.041
376;0.005
377;0.005
378;0.0
379;0.024
380;0.0
381;0.0
382;0.01
383;0.004
384;0.001
385;0.0
386;0.002
387;0.003
388;0.011
389;0.009
390;0.009
391;0.0
392;0.0
393;0.0
394;0.0
395;0.0
396;0.0
397;0.0
398;0.005
399;0.0
400;0.01
401;0.008
402;0.005
403;0.002
404;0.017
405;0.006
406;0.0
407;0.011
408;0.015
409;0.011
410;0.012
411;0.009
412;0.077
413;0.002
414;0.014
415;0.015
416;0.0
417;0.003
418;0.014
419;0.038
420;0.0
421;0.0
422;0.027
423;0.023
424;0.0
425;0.0
426;0.0
427;0.0
428;0.0
429;0.0
430;0.029
431;0.0
432;0.0
433;0.0
434;0.0
435;0.0
436;0.0
437;0.0
438;0.0
439;0.001
440;0.0
441;0.0
442;0.0
443;0.0
444;0.0
445;0.005
446;0.0
447;0.0
448;0.0
449;0.0
450;0.0
451;0.0
452;0.0
453;0.031
454;0.0
455;0.018
456;0.002
457;0.003
458;0.0
459;0.005
460;0.004
461;0.024
462;0.014
463;0.004
464;0.003
465;0.011
466;0.001
467;0.002
468;0.011
469;0.011
470;0.022
471;0.02
472;0.002
473;0.0
474;0.037
475;0.039
476;0.01
477;0.063
478;0.005
479;0.002
480;0.016
481;0.033
482;0.0
483;0.0
484;0.007
485;0.001
486;0.023
487;0.007
488;0.0
489;0.008
490;0.0
491;0.0
492;0.0
493;0.009
494;0.025
495;0.0
496;0.0
497;0.0
498;0.0
499;0.0
500;0.043
501;0.001
502;0.037
503;0.03
504;0.0
505;0.0
506;0.0
507;0.042
508;0.018
509;0.011
510;0.014
511;0.029
512;0.0
513;0.0
514;0.0
515;0.019
516;0.042
517;0.01
518;0.006
519;0.015
520;0.0
521;0.027
522;0.047
523;0.017
524;0.012
525;0.033
526;0.01
527;0.004
528;0.002
529;0.015
530;0.0
531;0.004
532;0.028
533;0.021
534;0.006
535;0.022
536;0.016
537;0.002
538;0.0
539;0.003
540;0.008
541;0.012
542;0.01
543;0.0
544;0.0
545;0.0
546;0.0
547;0.0
548;0.0
549;0.005
550;0.0
551;0.0
552;0.0
553;0.0
554;0.0
555;0.002
556;0.014
557;0.016
558;0.0
559;0.005
560;0.003
561;0.024
562;0.0
563;0.0
564;0.018
565;0.053
566;0.08
567;0.021
568;0.026
569;0.0
570;0.012
571;0.021
572;0.018
573;0.026
574;0.0
575;0.0
576;0.003
577;0.0
578;0.013
579;0.003
580;0.0
581;0.0
582;0.007
583;0.005
584;0.0
585;0.073
586;0.024
587;0.003
588;0.0
589;0.003
590;0.001
591;0.0
592;0.0
593;0.001
594;0.0
595;0.0
596;0.011
597;0.0
598;0.0
599;0.0
600;0.0
601;0.031
602;0.015
603;0.0
604;0.0
605;0.0
606;0.0
607;0.0
608;0.0
609;0.001
610;0.033
611;0.026
612;0.01
613;0.0
614;0.009
615;0.002
616;0.01
617;0.001
618;0.001
619;0.021
620;0.001
621;0.033
622;0.042
623;0.014
624;0.003
625;0.018
626;0.005
627;0.004
628;0.041
629;0.023
630;0.012
631;0.015
632;0.019
633;0.0
634;0.0
635;0.007
636;0.019
637;0.042
638;0.0
639;0.001
640;0.0
641;0.008
642;0.023
643;0.005
644;0.001
645;0.0
646;0.0
647;0.002
648;0.0
649;0.0
650;0.0
651;0.0
652;0.0
653;0.0
654;0.006
655;0.0
656;0.0
657;0.0
658;0.0
659;0.0
660;0.0
661;0.02
662;0.011
663;0.0
664;0.0
665;0.036
666;0.009
667;0.01
668;0.022
669;0.039
670;0.048
671;0.054
672;0.014
673;0.032
674;0.053
675;0.05
676;0.0
677;0.003
678;0.0
