;0
0;0.023
1;0.113
2;0.039
3;0.024
4;0.034
5;0.003
6;0.004
7;0.008
8;0.007
9;0.012
10;0.002
11;0.004
12;0.002
13;0.001
14;0.01
15;0.015
16;0.007
17;0.009
18;0.0
19;0.004
20;0.0
21;0.001
22;0.0
23;0.0
24;0.008
25;0.0
26;0.0
27;0.0
28;0.0
29;0.0
30;0.0
31;0.0
32;0.001
33;0.0
34;0.0
35;0.012
36;0.065
37;0.045
38;0.03
39;0.018
40;0.028
41;0.046
42;0.002
43;0.0
44;0.003
45;0.0
46;0.0
47;0.0
48;0.007
49;0.007
50;0.001
51;0.003
52;0.0
53;0.014
54;0.112
55;0.033
56;0.012
57;0.009
58;0.043
59;0.0
60;0.0
61;0.133
62;0.029
63;0.0
64;0.0
65;0.0
66;0.002
67;0.003
68;0.004
69;0.002
70;0.0
71;0.002
72;0.001
73;0.0
74;0.004
75;0.002
76;0.001
77;0.0
78;0.0
79;0.0
80;0.0
81;0.002
82;0.0
83;0.0
84;0.0
85;0.0
86;0.008
87;0.024
88;0.039
89;0.014
90;0.021
91;0.0
92;0.086
93;0.022
94;0.029
95;0.003
96;0.007
97;0.002
98;0.001
99;0.0
100;0.021
101;0.032
102;0.025
103;0.004
104;0.01
105;0.0
106;0.001
107;0.008
108;0.152
109;0.003
110;0.0
111;0.065
112;0.103
113;0.007
114;0.011
115;0.003
116;0.001
117;0.0
118;0.0
119;0.022
120;0.074
121;0.015
122;0.004
123;0.0
124;0.071
125;0.0
126;0.0
127;0.003
128;0.0
129;0.0
130;0.0
131;0.0
132;0.0
133;0.0
134;0.0
135;0.0
136;0.0
137;0.0
138;0.0
139;0.0
140;0.0
141;0.012
142;0.078
143;0.0
144;0.001
145;0.077
146;0.042
147;0.075
148;0.029
149;0.068
150;0.017
151;0.013
152;0.001
153;0.0
154;0.018
155;0.019
156;0.01
157;0.009
158;0.048
159;0.0
160;0.08
161;0.013
162;0.012
163;0.116
164;0.0
165;0.016
166;0.062
167;0.0
168;0.0
169;0.005
170;0.003
171;0.021
172;0.002
173;0.0
174;0.0
175;0.002
176;0.001
177;0.002
178;0.0
179;0.0
180;0.0
181;0.0
182;0.0
183;0.0
184;0.0
185;0.045
186;0.0
187;0.0
188;0.002
189;0.0
190;0.0
191;0.016
192;0.0
193;0.001
194;0.0
195;0.0
196;0.0
197;0.035
198;0.009
199;0.036
200;0.014
201;0.001
202;0.073
203;0.001
204;0.003
205;0.006
206;0.002
207;0.0
208;0.002
209;0.011
210;0.006
211;0.001
212;0.01
213;0.004
214;0.002
215;0.0
216;0.018
217;0.029
218;0.023
219;0.0
220;0.001
221;0.015
222;0.014
223;0.0
224;0.004
225;0.001
226;0.002
227;0.0
228;0.0
229;0.0
230;0.0
231;0.0
232;0.0
233;0.0
234;0.0
235;0.0
236;0.0
237;0.0
238;0.0
239;0.0
240;0.0
241;0.016
242;0.022
243;0.068
244;0.005
245;0.027
246;0.047
247;0.0
248;0.015
249;0.001
250;0.0
251;0.001
252;0.028
253;0.012
254;0.021
255;0.011
256;0.118
257;0.0
258;0.0
259;0.043
260;0.035
261;0.001
262;0.009
263;0.003
264;0.014
265;0.051
266;0.004
267;0.0
268;0.008
269;0.027
270;0.003
271;0.001
272;0.002
273;0.004
274;0.003
275;0.001
276;0.005
277;0.007
278;0.001
279;0.0
280;0.006
281;0.002
282;0.01
283;0.0
284;0.007
285;0.0
286;0.0
287;0.0
288;0.0
289;0.0
290;0.0
291;0.0
292;0.0
293;0.0
294;0.0
295;0.0
296;0.0
297;0.001
298;0.0
299;0.01
300;0.046
301;0.0
302;0.0
303;0.067
304;0.102
305;0.162
306;0.001
307;0.0
308;0.015
309;0.054
310;0.002
311;0.004
312;0.043
313;0.018
314;0.0
315;0.002
316;0.047
317;0.017
318;0.018
319;0.096
320;0.057
321;0.039
322;0.06
323;0.038
324;0.042
325;0.011
326;0.0
327;0.0
328;0.0
329;0.003
330;0.0
331;0.0
332;0.0
333;0.001
334;0.0
335;0.002
336;0.001
337;0.0
338;0.0
339;0.0
340;0.0
341;0.0
342;0.004
343;0.0
344;0.019
345;0.0
346;0.0
347;0.0
348;0.159
349;0.0
350;0.0
351;0.053
352;0.062
353;0.022
354;0.07
355;0.0
356;0.095
357;0.001
358;0.001
359;0.022
360;0.002
361;0.001
362;0.001
363;0.007
364;0.019
365;0.002
366;0.0
367;0.01
368;0.013
369;0.001
370;0.001
371;0.003
372;0.013
373;0.0
374;0.002
375;0.081
376;0.002
377;0.0
378;0.0
379;0.001
380;0.0
381;0.0
382;0.005
383;0.001
384;0.0
385;0.0
386;0.001
387;0.0
388;0.009
389;0.001
390;0.001
391;0.0
392;0.0
393;0.0
394;0.0
395;0.0
396;0.0
397;0.001
398;0.011
399;0.0
400;0.038
401;0.016
402;0.011
403;0.086
404;0.001
405;0.009
406;0.0
407;0.01
408;0.009
409;0.005
410;0.008
411;0.05
412;0.019
413;0.271
414;0.006
415;0.066
416;0.0
417;0.0
418;0.021
419;0.015
420;0.106
421;0.034
422;0.007
423;0.012
424;0.0
425;0.015
426;0.004
427;0.004
428;0.0
429;0.009
430;0.03
431;0.001
432;0.019
433;0.001
434;0.0
435;0.0
436;0.001
437;0.0
438;0.0
439;0.003
440;0.0
441;0.0
442;0.0
443;0.0
444;0.0
445;0.001
446;0.0
447;0.0
448;0.0
449;0.0
450;0.001
451;0.0
452;0.0
453;0.029
454;0.0
455;0.029
456;0.122
457;0.011
458;0.0
459;0.0
460;0.002
461;0.014
462;0.116
463;0.008
464;0.001
465;0.004
466;0.0
467;0.005
468;0.001
469;0.005
470;0.015
471;0.001
472;0.0
473;0.0
474;0.013
475;0.042
476;0.003
477;0.025
478;0.003
479;0.0
480;0.002
481;0.028
482;0.0
483;0.0
484;0.001
485;0.0
486;0.0
487;0.0
488;0.007
489;0.003
490;0.0
491;0.0
492;0.0
493;0.016
494;0.012
495;0.0
496;0.0
497;0.0
498;0.0
499;0.0
500;0.001
501;0.001
502;0.012
503;0.047
504;0.0
505;0.0
506;0.004
507;0.005
508;0.058
509;0.035
510;0.141
511;0.027
512;0.033
513;0.039
514;0.016
515;0.021
516;0.004
517;0.055
518;0.0
519;0.006
520;0.0
521;0.001
522;0.002
523;0.023
524;0.006
525;0.008
526;0.033
527;0.0
528;0.011
529;0.033
530;0.0
531;0.002
532;0.0
533;0.004
534;0.001
535;0.032
536;0.011
537;0.001
538;0.0
539;0.002
540;0.001
541;0.007
542;0.001
543;0.008
544;0.0
545;0.0
546;0.0
547;0.0
548;0.0
549;0.014
550;0.0
551;0.0
552;0.0
553;0.0
554;0.0
555;0.002
556;0.03
557;0.016
558;0.0
559;0.039
560;0.0
561;0.056
562;0.014
563;0.001
564;0.133
565;0.037
566;0.066
567;0.016
568;0.044
569;0.0
570;0.02
571;0.004
572;0.0
573;0.01
574;0.0
575;0.006
576;0.01
577;0.0
578;0.003
579;0.0
580;0.0
581;0.0
582;0.003
583;0.005
584;0.001
585;0.199
586;0.021
587;0.01
588;0.0
589;0.003
590;0.001
591;0.0
592;0.0
593;0.002
594;0.0
595;0.002
596;0.014
597;0.0
598;0.0
599;0.0
600;0.0
601;0.0
602;0.042
603;0.0
604;0.0
605;0.0
606;0.0
607;0.0
608;0.035
609;0.043
610;0.068
611;0.012
612;0.014
613;0.002
614;0.008
615;0.001
616;0.0
617;0.0
618;0.0
619;0.013
620;0.118
621;0.084
622;0.036
623;0.005
624;0.04
625;0.0
626;0.028
627;0.002
628;0.015
629;0.008
630;0.0
631;0.001
632;0.013
633;0.0
634;0.0
635;0.003
636;0.001
637;0.033
638;0.0
639;0.0
640;0.0
641;0.032
642;0.016
643;0.0
644;0.0
645;0.0
646;0.0
647;0.002
648;0.004
649;0.001
650;0.0
651;0.0
652;0.0
653;0.0
654;0.0
655;0.0
656;0.0
657;0.0
658;0.0
659;0.0
660;0.001
661;0.081
662;0.005
663;0.0
664;0.018
665;0.157
666;0.003
667;0.043
668;0.171
669;0.231
670;0.001
671;0.181
672;0.008
673;0.026
674;0.002
675;0.003
676;0.025
677;0.001
678;0.0
