;0
0;0.026
1;0.065
2;0.08
3;0.057
4;0.029
5;0.03
6;0.02
7;0.02
8;0.003
9;0.07
10;0.0
11;0.035
12;0.054
13;0.011
14;0.035
15;0.031
16;0.003
17;0.021
18;0.0
19;0.002
20;0.0
21;0.015
22;0.0
23;0.0
24;0.01
25;0.0
26;0.0
27;0.0
28;0.0
29;0.0
30;0.0
31;0.0
32;0.0
33;0.004
34;0.0
35;0.009
36;0.047
37;0.03
38;0.015
39;0.0
40;0.0
41;0.0
42;0.0
43;0.011
44;0.033
45;0.0
46;0.0
47;0.004
48;0.031
49;0.027
50;0.03
51;0.012
52;0.005
53;0.074
54;0.048
55;0.042
56;0.053
57;0.056
58;0.065
59;0.006
60;0.0
61;0.075
62;0.028
63;0.0
64;0.0
65;0.0
66;0.013
67;0.012
68;0.018
69;0.0
70;0.0
71;0.005
72;0.021
73;0.0
74;0.0
75;0.001
76;0.007
77;0.0
78;0.003
79;0.0
80;0.0
81;0.0
82;0.0
83;0.0
84;0.0
85;0.0
86;0.0
87;0.057
88;0.041
89;0.001
90;0.058
91;0.0
92;0.051
93;0.008
94;0.029
95;0.005
96;0.02
97;0.015
98;0.013
99;0.008
100;0.0
101;0.008
102;0.006
103;0.017
104;0.004
105;0.002
106;0.0
107;0.02
108;0.089
109;0.0
110;0.004
111;0.064
112;0.033
113;0.019
114;0.028
115;0.01
116;0.001
117;0.0
118;0.0
119;0.014
120;0.007
121;0.014
122;0.001
123;0.0
124;0.027
125;0.001
126;0.005
127;0.009
128;0.002
129;0.0
130;0.0
131;0.0
132;0.0
133;0.0
134;0.0
135;0.0
136;0.0
137;0.0
138;0.007
139;0.0
140;0.0
141;0.049
142;0.018
143;0.0
144;0.031
145;0.012
146;0.067
147;0.008
148;0.011
149;0.013
150;0.041
151;0.006
152;0.028
153;0.0
154;0.073
155;0.011
156;0.025
157;0.018
158;0.005
159;0.007
160;0.031
161;0.02
162;0.037
163;0.051
164;0.0
165;0.034
166;0.006
167;0.0
168;0.0
169;0.0
170;0.016
171;0.049
172;0.002
173;0.0
174;0.0
175;0.001
176;0.008
177;0.0
178;0.001
179;0.0
180;0.0
181;0.0
182;0.0
183;0.0
184;0.0
185;0.002
186;0.0
187;0.0
188;0.0
189;0.0
190;0.0
191;0.007
192;0.0
193;0.011
194;0.0
195;0.002
196;0.0
197;0.171
198;0.029
199;0.061
200;0.006
201;0.001
202;0.03
203;0.0
204;0.033
205;0.038
206;0.01
207;0.002
208;0.005
209;0.0
210;0.038
211;0.074
212;0.078
213;0.015
214;0.058
215;0.013
216;0.024
217;0.063
218;0.048
219;0.025
220;0.022
221;0.016
222;0.001
223;0.0
224;0.012
225;0.011
226;0.001
227;0.001
228;0.0
229;0.0
230;0.0
231;0.0
232;0.0
233;0.0
234;0.0
235;0.005
236;0.0
237;0.005
238;0.0
239;0.0
240;0.001
241;0.023
242;0.01
243;0.023
244;0.011
245;0.027
246;0.013
247;0.0
248;0.036
249;0.001
250;0.0
251;0.0
252;0.015
253;0.021
254;0.038
255;0.042
256;0.046
257;0.002
258;0.0
259;0.0
260;0.047
261;0.016
262;0.02
263;0.044
264;0.061
265;0.059
266;0.019
267;0.0
268;0.007
269;0.083
270;0.01
271;0.0
272;0.036
273;0.031
274;0.071
275;0.0
276;0.019
277;0.012
278;0.018
279;0.0
280;0.006
281;0.014
282;0.004
283;0.0
284;0.018
285;0.0
286;0.0
287;0.0
288;0.0
289;0.0
290;0.002
291;0.0
292;0.0
293;0.0
294;0.0
295;0.001
296;0.0
297;0.0
298;0.002
299;0.001
300;0.024
301;0.0
302;0.0
303;0.03
304;0.003
305;0.039
306;0.001
307;0.009
308;0.015
309;0.018
310;0.008
311;0.0
312;0.055
313;0.005
314;0.001
315;0.015
316;0.054
317;0.101
318;0.046
319;0.058
320;0.168
321;0.014
322;0.053
323;0.028
324;0.029
325;0.006
326;0.008
327;0.0
328;0.0
329;0.0
330;0.0
331;0.0
332;0.037
333;0.004
334;0.012
335;0.008
336;0.0
337;0.003
338;0.0
339;0.0
340;0.0
341;0.0
342;0.038
343;0.0
344;0.034
345;0.003
346;0.0
347;0.001
348;0.023
349;0.001
350;0.001
351;0.0
352;0.012
353;0.04
354;0.132
355;0.013
356;0.01
357;0.0
358;0.0
359;0.029
360;0.035
361;0.0
362;0.0
363;0.0
364;0.0
365;0.028
366;0.002
367;0.033
368;0.0
369;0.001
370;0.003
371;0.049
372;0.004
373;0.018
374;0.01
375;0.034
376;0.002
377;0.003
378;0.0
379;0.018
380;0.0
381;0.0
382;0.011
383;0.005
384;0.001
385;0.0
386;0.002
387;0.003
388;0.0
389;0.001
390;0.004
391;0.0
392;0.0
393;0.0
394;0.0
395;0.0
396;0.0
397;0.005
398;0.0
399;0.0
400;0.043
401;0.0
402;0.0
403;0.052
404;0.002
405;0.016
406;0.0
407;0.032
408;0.023
409;0.005
410;0.033
411;0.03
412;0.14
413;0.004
414;0.024
415;0.018
416;0.0
417;0.001
418;0.047
419;0.078
420;0.08
421;0.036
422;0.05
423;0.03
424;0.0
425;0.0
426;0.015
427;0.0
428;0.0
429;0.0
430;0.042
431;0.013
432;0.0
433;0.0
434;0.0
435;0.0
436;0.0
437;0.0
438;0.0
439;0.001
440;0.0
441;0.012
442;0.0
443;0.0
444;0.0
445;0.006
446;0.0
447;0.0
448;0.0
449;0.0
450;0.0
451;0.0
452;0.0
453;0.03
454;0.0
455;0.028
456;0.006
457;0.002
458;0.0
459;0.001
460;0.001
461;0.052
462;0.029
463;0.0
464;0.0
465;0.019
466;0.007
467;0.004
468;0.028
469;0.012
470;0.024
471;0.035
472;0.0
473;0.002
474;0.036
475;0.036
476;0.025
477;0.074
478;0.014
479;0.009
480;0.02
481;0.032
482;0.0
483;0.001
484;0.014
485;0.011
486;0.027
487;0.026
488;0.0
489;0.008
490;0.0
491;0.0
492;0.001
493;0.044
494;0.018
495;0.0
496;0.0
497;0.0
498;0.0
499;0.0
500;0.038
501;0.004
502;0.041
503;0.005
504;0.0
505;0.0
506;0.014
507;0.027
508;0.016
509;0.039
510;0.033
511;0.039
512;0.028
513;0.144
514;0.001
515;0.01
516;0.033
517;0.006
518;0.014
519;0.028
520;0.0
521;0.011
522;0.03
523;0.007
524;0.04
525;0.032
526;0.007
527;0.003
528;0.002
529;0.013
530;0.002
531;0.003
532;0.021
533;0.046
534;0.002
535;0.031
536;0.031
537;0.002
538;0.0
539;0.002
540;0.005
541;0.009
542;0.034
543;0.0
544;0.0
545;0.0
546;0.0
547;0.0
548;0.0
549;0.0
550;0.0
551;0.0
552;0.0
553;0.0
554;0.0
555;0.0
556;0.114
557;0.027
558;0.0
559;0.0
560;0.016
561;0.017
562;0.001
563;0.0
564;0.033
565;0.042
566;0.108
567;0.032
568;0.048
569;0.002
570;0.003
571;0.085
572;0.035
573;0.012
574;0.0
575;0.0
576;0.0
577;0.0
578;0.003
579;0.0
580;0.0
581;0.0
582;0.007
583;0.023
584;0.0
585;0.055
586;0.026
587;0.003
588;0.0
589;0.016
590;0.008
591;0.0
592;0.0
593;0.004
594;0.0
595;0.0
596;0.013
597;0.0
598;0.0
599;0.0
600;0.0
601;0.002
602;0.002
603;0.0
604;0.0
605;0.007
606;0.0
607;0.0
608;0.0
609;0.023
610;0.031
611;0.001
612;0.007
613;0.002
614;0.014
615;0.0
616;0.011
617;0.0
618;0.0
619;0.052
620;0.003
621;0.025
622;0.076
623;0.051
624;0.011
625;0.024
626;0.009
627;0.008
628;0.026
629;0.043
630;0.025
631;0.025
632;0.013
633;0.0
634;0.0
635;0.023
636;0.011
637;0.035
638;0.0
639;0.027
640;0.0
641;0.014
642;0.02
643;0.004
644;0.003
645;0.0
646;0.0
647;0.004
648;0.0
649;0.001
650;0.0
651;0.0
652;0.0
653;0.0
654;0.011
655;0.0
656;0.0
657;0.0
658;0.0
659;0.0
660;0.0
661;0.012
662;0.011
663;0.0
664;0.0
665;0.054
666;0.02
667;0.007
668;0.032
669;0.049
670;0.141
671;0.062
672;0.05
673;0.061
674;0.06
675;0.077
676;0.0
677;0.019
678;0.0
