;0
0;0.016
1;0.037
2;0.044
3;0.073
4;0.024
5;0.044
6;0.041
7;0.009
8;0.004
9;0.039
10;0.0
11;0.035
12;0.007
13;0.001
14;0.035
15;0.059
16;0.005
17;0.012
18;0.0
19;0.005
20;0.0
21;0.003
22;0.0
23;0.0
24;0.004
25;0.0
26;0.0
27;0.0
28;0.0
29;0.0
30;0.0
31;0.0
32;0.0
33;0.0
34;0.033
35;0.0
36;0.0
37;0.04
38;0.022
39;0.053
40;0.008
41;0.048
42;0.06
43;0.011
44;0.037
45;0.0
46;0.001
47;0.014
48;0.032
49;0.035
50;0.028
51;0.018
52;0.002
53;0.075
54;0.037
55;0.015
56;0.059
57;0.053
58;0.052
59;0.005
60;0.0
61;0.05
62;0.022
63;0.0
64;0.0
65;0.001
66;0.004
67;0.03
68;0.011
69;0.0
70;0.0
71;0.006
72;0.006
73;0.0
74;0.0
75;0.0
76;0.007
77;0.0
78;0.0
79;0.0
80;0.004
81;0.002
82;0.0
83;0.0
84;0.0
85;0.0
86;0.0
87;0.0
88;0.0
89;0.0
90;0.0
91;0.0
92;0.039
93;0.036
94;0.044
95;0.003
96;0.03
97;0.021
98;0.014
99;0.009
100;0.006
101;0.007
102;0.008
103;0.016
104;0.011
105;0.009
106;0.001
107;0.023
108;0.076
109;0.003
110;0.003
111;0.046
112;0.061
113;0.021
114;0.011
115;0.021
116;0.001
117;0.0
118;0.0
119;0.008
120;0.028
121;0.018
122;0.0
123;0.0
124;0.026
125;0.001
126;0.001
127;0.0
128;0.0
129;0.0
130;0.0
131;0.0
132;0.0
133;0.0
134;0.002
135;0.0
136;0.0
137;0.0
138;0.0
139;0.0
140;0.0
141;0.014
142;0.014
143;0.0
144;0.036
145;0.021
146;0.068
147;0.013
148;0.002
149;0.001
150;0.04
151;0.001
152;0.019
153;0.001
154;0.045
155;0.013
156;0.05
157;0.01
158;0.007
159;0.008
160;0.011
161;0.058
162;0.039
163;0.028
164;0.001
165;0.017
166;0.006
167;0.0
168;0.012
169;0.0
170;0.013
171;0.047
172;0.009
173;0.0
174;0.0
175;0.001
176;0.023
177;0.0
178;0.0
179;0.0
180;0.0
181;0.0
182;0.0
183;0.0
184;0.0
185;0.026
186;0.0
187;0.0
188;0.0
189;0.0
190;0.0
191;0.006
192;0.0
193;0.041
194;0.0
195;0.001
196;0.0
197;0.05
198;0.04
199;0.037
200;0.002
201;0.001
202;0.058
203;0.013
204;0.039
205;0.03
206;0.013
207;0.002
208;0.002
209;0.0
210;0.029
211;0.081
212;0.061
213;0.02
214;0.047
215;0.022
216;0.031
217;0.04
218;0.038
219;0.045
220;0.034
221;0.024
222;0.01
223;0.0
224;0.006
225;0.001
226;0.0
227;0.001
228;0.006
229;0.005
230;0.001
231;0.0
232;0.0
233;0.0
234;0.0
235;0.035
236;0.0
237;0.001
238;0.0
239;0.0
240;0.0
241;0.005
242;0.002
243;0.054
244;0.014
245;0.065
246;0.0
247;0.0
248;0.047
249;0.003
250;0.0
251;0.0
252;0.026
253;0.041
254;0.034
255;0.046
256;0.044
257;0.008
258;0.0
259;0.002
260;0.067
261;0.025
262;0.009
263;0.039
264;0.062
265;0.03
266;0.031
267;0.0
268;0.003
269;0.064
270;0.035
271;0.0
272;0.034
273;0.031
274;0.058
275;0.0
276;0.043
277;0.023
278;0.023
279;0.0
280;0.003
281;0.006
282;0.0
283;0.0
284;0.001
285;0.0
286;0.0
287;0.0
288;0.0
289;0.0
290;0.001
291;0.0
292;0.0
293;0.0
294;0.0
295;0.003
296;0.0
297;0.002
298;0.001
299;0.003
300;0.004
301;0.0
302;0.001
303;0.02
304;0.01
305;0.015
306;0.005
307;0.001
308;0.009
309;0.046
310;0.017
311;0.002
312;0.067
313;0.012
314;0.0
315;0.025
316;0.061
317;0.075
318;0.07
319;0.075
320;0.088
321;0.003
322;0.045
323;0.023
324;0.024
325;0.007
326;0.006
327;0.0
328;0.0
329;0.0
330;0.0
331;0.0
332;0.006
333;0.022
334;0.0
335;0.004
336;0.0
337;0.0
338;0.0
339;0.0
340;0.0
341;0.0
342;0.01
343;0.0
344;0.024
345;0.001
346;0.0
347;0.0
348;0.041
349;0.017
350;0.002
351;0.006
352;0.015
353;0.062
354;0.116
355;0.008
356;0.024
357;0.0
358;0.0
359;0.04
360;0.092
361;0.0
362;0.003
363;0.0
364;0.0
365;0.025
366;0.006
367;0.029
368;0.007
369;0.0
370;0.004
371;0.031
372;0.018
373;0.032
374;0.013
375;0.066
376;0.026
377;0.003
378;0.0
379;0.016
380;0.0
381;0.001
382;0.024
383;0.013
384;0.01
385;0.002
386;0.005
387;0.006
388;0.0
389;0.014
390;0.006
391;0.0
392;0.0
393;0.0
394;0.0
395;0.0
396;0.003
397;0.0
398;0.0
399;0.016
400;0.016
401;0.0
402;0.004
403;0.008
404;0.009
405;0.01
406;0.003
407;0.026
408;0.006
409;0.023
410;0.027
411;0.014
412;0.015
413;0.005
414;0.007
415;0.006
416;0.0
417;0.001
418;0.032
419;0.094
420;0.084
421;0.031
422;0.06
423;0.039
424;0.0
425;0.0
426;0.003
427;0.0
428;0.0
429;0.0
430;0.051
431;0.0
432;0.0
433;0.0
434;0.0
435;0.0
436;0.0
437;0.0
438;0.0
439;0.002
440;0.0
441;0.0
442;0.0
443;0.0
444;0.0
445;0.005
446;0.0
447;0.0
448;0.0
449;0.0
450;0.0
451;0.0
452;0.0
453;0.035
454;0.001
455;0.017
456;0.025
457;0.003
458;0.0
459;0.006
460;0.007
461;0.042
462;0.033
463;0.011
464;0.006
465;0.041
466;0.01
467;0.005
468;0.011
469;0.013
470;0.009
471;0.022
472;0.001
473;0.0
474;0.129
475;0.079
476;0.012
477;0.07
478;0.017
479;0.009
480;0.034
481;0.048
482;0.0
483;0.011
484;0.009
485;0.014
486;0.017
487;0.019
488;0.0
489;0.005
490;0.0
491;0.0
492;0.0
493;0.023
494;0.005
495;0.0
496;0.0
497;0.0
498;0.0
499;0.0
500;0.007
501;0.005
502;0.014
503;0.014
504;0.0
505;0.0
506;0.08
507;0.017
508;0.014
509;0.008
510;0.02
511;0.038
512;0.008
513;0.109
514;0.019
515;0.003
516;0.048
517;0.006
518;0.013
519;0.016
520;0.0
521;0.009
522;0.039
523;0.018
524;0.018
525;0.051
526;0.016
527;0.004
528;0.0
529;0.003
530;0.008
531;0.001
532;0.011
533;0.018
534;0.002
535;0.015
536;0.02
537;0.001
538;0.0
539;0.014
540;0.01
541;0.005
542;0.028
543;0.0
544;0.0
545;0.0
546;0.0
547;0.0
548;0.0
549;0.004
550;0.0
551;0.0
552;0.0
553;0.0
554;0.0
555;0.0
556;0.006
557;0.014
558;0.0
559;0.0
560;0.01
561;0.014
562;0.0
563;0.0
564;0.1
565;0.034
566;0.079
567;0.009
568;0.056
569;0.001
570;0.023
571;0.048
572;0.012
573;0.003
574;0.0
575;0.0
576;0.0
577;0.0
578;0.007
579;0.0
580;0.0
581;0.0
582;0.013
583;0.025
584;0.0
585;0.046
586;0.03
587;0.011
588;0.0
589;0.012
590;0.008
591;0.0
592;0.0
593;0.005
594;0.0
595;0.0
596;0.02
597;0.0
598;0.0
599;0.0
600;0.0
601;0.0
602;0.0
603;0.0
604;0.0
605;0.0
606;0.0
607;0.0
608;0.0
609;0.017
610;0.087
611;0.0
612;0.013
613;0.0
614;0.015
615;0.0
616;0.017
617;0.0
618;0.0
619;0.02
620;0.001
621;0.03
622;0.07
623;0.053
624;0.008
625;0.045
626;0.002
627;0.017
628;0.024
629;0.038
630;0.032
631;0.035
632;0.014
633;0.0
634;0.001
635;0.006
636;0.013
637;0.058
638;0.0
639;0.001
640;0.0
641;0.024
642;0.009
643;0.004
644;0.0
645;0.0
646;0.0
647;0.004
648;0.0
649;0.0
650;0.0
651;0.0
652;0.0
653;0.0
654;0.027
655;0.0
656;0.0
657;0.0
658;0.0
659;0.0
660;0.0
661;0.035
662;0.063
663;0.001
664;0.0
665;0.031
666;0.037
667;0.016
668;0.068
669;0.04
670;0.148
671;0.051
672;0.044
673;0.075
674;0.055
675;0.101
676;0.0
677;0.018
678;0.0
