;0
0;0.016
1;0.111
2;0.063
3;0.033
4;0.025
5;0.02
6;0.011
7;0.025
8;0.008
9;0.037
10;0.001
11;0.023
12;0.012
13;0.001
14;0.044
15;0.037
16;0.001
17;0.019
18;0.0
19;0.002
20;0.0
21;0.002
22;0.0
23;0.0
24;0.0
25;0.001
26;0.0
27;0.0
28;0.0
29;0.0
30;0.0
31;0.0
32;0.0
33;0.0
34;0.005
35;0.002
36;0.023
37;0.043
38;0.028
39;0.026
40;0.001
41;0.031
42;0.038
43;0.006
44;0.01
45;0.0
46;0.0
47;0.002
48;0.013
49;0.025
50;0.012
51;0.005
52;0.002
53;0.029
54;0.099
55;0.051
56;0.026
57;0.022
58;0.057
59;0.001
60;0.0
61;0.075
62;0.024
63;0.0
64;0.0
65;0.0
66;0.019
67;0.005
68;0.016
69;0.0
70;0.0
71;0.001
72;0.015
73;0.0
74;0.0
75;0.002
76;0.006
77;0.0
78;0.0
79;0.0
80;0.0
81;0.0
82;0.0
83;0.0
84;0.0
85;0.0
86;0.0
87;0.005
88;0.01
89;0.0
90;0.041
91;0.0
92;0.038
93;0.026
94;0.024
95;0.013
96;0.021
97;0.001
98;0.002
99;0.006
100;0.0
101;0.014
102;0.001
103;0.005
104;0.001
105;0.0
106;0.0
107;0.009
108;0.133
109;0.001
110;0.002
111;0.035
112;0.031
113;0.016
114;0.025
115;0.017
116;0.003
117;0.001
118;0.0
119;0.023
120;0.016
121;0.018
122;0.001
123;0.002
124;0.047
125;0.003
126;0.0
127;0.009
128;0.019
129;0.0
130;0.0
131;0.0
132;0.0
133;0.0
134;0.0
135;0.0
136;0.0
137;0.0
138;0.0
139;0.0
140;0.0
141;0.025
142;0.005
143;0.009
144;0.019
145;0.011
146;0.011
147;0.006
148;0.041
149;0.011
150;0.017
151;0.0
152;0.001
153;0.0
154;0.045
155;0.019
156;0.019
157;0.031
158;0.002
159;0.001
160;0.058
161;0.023
162;0.021
163;0.086
164;0.008
165;0.026
166;0.03
167;0.0
168;0.005
169;0.0
170;0.008
171;0.033
172;0.002
173;0.0
174;0.0
175;0.002
176;0.008
177;0.0
178;0.0
179;0.0
180;0.0
181;0.0
182;0.0
183;0.0
184;0.0
185;0.011
186;0.0
187;0.0
188;0.0
189;0.0
190;0.0
191;0.031
192;0.0
193;0.006
194;0.0
195;0.002
196;0.0
197;0.019
198;0.031
199;0.052
200;0.006
201;0.0
202;0.016
203;0.0
204;0.011
205;0.026
206;0.005
207;0.01
208;0.005
209;0.0
210;0.021
211;0.028
212;0.034
213;0.005
214;0.017
215;0.004
216;0.007
217;0.065
218;0.042
219;0.017
220;0.008
221;0.019
222;0.0
223;0.0
224;0.009
225;0.001
226;0.001
227;0.001
228;0.001
229;0.0
230;0.003
231;0.0
232;0.0
233;0.0
234;0.0
235;0.028
236;0.0
237;0.006
238;0.0
239;0.0
240;0.001
241;0.019
242;0.038
243;0.047
244;0.012
245;0.02
246;0.014
247;0.0
248;0.026
249;0.006
250;0.0
251;0.0
252;0.035
253;0.01
254;0.025
255;0.029
256;0.03
257;0.0
258;0.0
259;0.003
260;0.033
261;0.006
262;0.013
263;0.027
264;0.035
265;0.137
266;0.012
267;0.0
268;0.0
269;0.043
270;0.01
271;0.001
272;0.045
273;0.01
274;0.028
275;0.002
276;0.012
277;0.02
278;0.007
279;0.0
280;0.008
281;0.003
282;0.0
283;0.047
284;0.011
285;0.0
286;0.0
287;0.0
288;0.0
289;0.0
290;0.001
291;0.0
292;0.0
293;0.0
294;0.0
295;0.01
296;0.0
297;0.005
298;0.004
299;0.0
300;0.002
301;0.0
302;0.0
303;0.017
304;0.006
305;0.054
306;0.0
307;0.001
308;0.024
309;0.018
310;0.008
311;0.0
312;0.015
313;0.004
314;0.0
315;0.037
316;0.065
317;0.039
318;0.015
319;0.062
320;0.101
321;0.028
322;0.017
323;0.07
324;0.041
325;0.006
326;0.016
327;0.0
328;0.0
329;0.001
330;0.0
331;0.0
332;0.04
333;0.001
334;0.003
335;0.022
336;0.0
337;0.0
338;0.0
339;0.0
340;0.004
341;0.012
342;0.011
343;0.0
344;0.025
345;0.002
346;0.0
347;0.0
348;0.061
349;0.002
350;0.007
351;0.056
352;0.016
353;0.006
354;0.072
355;0.009
356;0.069
357;0.0
358;0.0
359;0.054
360;0.007
361;0.0
362;0.001
363;0.002
364;0.0
365;0.021
366;0.001
367;0.032
368;0.001
369;0.0
370;0.002
371;0.018
372;0.0
373;0.005
374;0.005
375;0.057
376;0.006
377;0.006
378;0.0
379;0.015
380;0.0
381;0.002
382;0.008
383;0.013
384;0.01
385;0.0
386;0.0
387;0.001
388;0.009
389;0.009
390;0.01
391;0.0
392;0.0
393;0.0
394;0.0
395;0.0
396;0.0
397;0.034
398;0.006
399;0.022
400;0.0
401;0.001
402;0.004
403;0.079
404;0.007
405;0.007
406;0.0
407;0.042
408;0.023
409;0.002
410;0.036
411;0.012
412;0.024
413;0.01
414;0.012
415;0.027
416;0.0
417;0.001
418;0.012
419;0.041
420;0.102
421;0.003
422;0.027
423;0.027
424;0.001
425;0.014
426;0.043
427;0.003
428;0.0
429;0.0
430;0.023
431;0.0
432;0.004
433;0.0
434;0.0
435;0.0
436;0.0
437;0.0
438;0.0
439;0.003
440;0.0
441;0.0
442;0.0
443;0.0
444;0.0
445;0.001
446;0.0
447;0.0
448;0.0
449;0.0
450;0.0
451;0.0
452;0.0
453;0.02
454;0.0
455;0.045
456;0.008
457;0.001
458;0.0
459;0.002
460;0.0
461;0.022
462;0.032
463;0.0
464;0.001
465;0.017
466;0.001
467;0.002
468;0.008
469;0.01
470;0.022
471;0.009
472;0.003
473;0.0
474;0.019
475;0.031
476;0.017
477;0.06
478;0.025
479;0.005
480;0.014
481;0.053
482;0.0
483;0.003
484;0.011
485;0.014
486;0.013
487;0.021
488;0.0
489;0.012
490;0.0
491;0.003
492;0.0
493;0.04
494;0.025
495;0.0
496;0.0
497;0.0
498;0.0
499;0.001
500;0.041
501;0.014
502;0.054
503;0.009
504;0.0
505;0.021
506;0.013
507;0.045
508;0.035
509;0.076
510;0.033
511;0.051
512;0.046
513;0.124
514;0.003
515;0.011
516;0.014
517;0.003
518;0.003
519;0.015
520;0.003
521;0.017
522;0.035
523;0.011
524;0.045
525;0.019
526;0.03
527;0.006
528;0.001
529;0.008
530;0.008
531;0.01
532;0.022
533;0.015
534;0.002
535;0.034
536;0.013
537;0.014
538;0.0
539;0.002
540;0.007
541;0.02
542;0.012
543;0.0
544;0.0
545;0.0
546;0.003
547;0.0
548;0.0
549;0.011
550;0.0
551;0.0
552;0.0
553;0.0
554;0.0
555;0.034
556;0.0
557;0.015
558;0.0
559;0.053
560;0.008
561;0.017
562;0.013
563;0.0
564;0.043
565;0.086
566;0.11
567;0.032
568;0.032
569;0.0
570;0.006
571;0.029
572;0.012
573;0.013
574;0.0
575;0.0
576;0.012
577;0.0
578;0.009
579;0.004
580;0.0
581;0.0
582;0.004
583;0.006
584;0.0
585;0.081
586;0.026
587;0.001
588;0.0
589;0.003
590;0.005
591;0.0
592;0.0
593;0.004
594;0.0
595;0.0
596;0.033
597;0.0
598;0.0
599;0.0
600;0.0
601;0.019
602;0.004
603;0.0
604;0.002
605;0.0
606;0.0
607;0.0
608;0.002
609;0.002
610;0.03
611;0.008
612;0.005
613;0.0
614;0.011
615;0.0
616;0.02
617;0.0
618;0.0
619;0.029
620;0.009
621;0.032
622;0.066
623;0.015
624;0.01
625;0.014
626;0.017
627;0.005
628;0.017
629;0.016
630;0.009
631;0.016
632;0.011
633;0.0
634;0.0
635;0.008
636;0.013
637;0.054
638;0.0
639;0.0
640;0.0
641;0.014
642;0.024
643;0.004
644;0.0
645;0.0
646;0.0
647;0.004
648;0.0
649;0.0
650;0.0
651;0.0
652;0.0
653;0.0
654;0.001
655;0.0
656;0.0
657;0.0
658;0.0
659;0.0
660;0.0
661;0.02
662;0.004
663;0.01
664;0.0
665;0.06
666;0.002
667;0.003
668;0.017
669;0.063
670;0.095
671;0.085
672;0.007
673;0.034
674;0.036
675;0.043
676;0.0
677;0.001
678;0.0
