;0
0;0.02
1;0.081
2;0.084
3;0.03
4;0.022
5;0.017
6;0.005
7;0.021
8;0.002
9;0.031
10;0.001
11;0.015
12;0.006
13;0.002
14;0.017
15;0.031
16;0.006
17;0.021
18;0.0
19;0.004
20;0.0
21;0.006
22;0.0
23;0.0
24;0.0
25;0.0
26;0.0
27;0.0
28;0.0
29;0.0
30;0.0
31;0.0
32;0.0
33;0.03
34;0.011
35;0.0
36;0.013
37;0.059
38;0.014
39;0.049
40;0.008
41;0.026
42;0.047
43;0.004
44;0.014
45;0.001
46;0.0
47;0.002
48;0.01
49;0.017
50;0.012
51;0.002
52;0.002
53;0.032
54;0.026
55;0.018
56;0.014
57;0.028
58;0.058
59;0.001
60;0.0
61;0.083
62;0.033
63;0.0
64;0.0
65;0.0
66;0.005
67;0.004
68;0.017
69;0.001
70;0.0
71;0.001
72;0.003
73;0.0
74;0.001
75;0.001
76;0.004
77;0.0
78;0.0
79;0.0
80;0.0
81;0.0
82;0.0
83;0.0
84;0.0
85;0.0
86;0.0
87;0.002
88;0.002
89;0.0
90;0.036
91;0.0
92;0.04
93;0.045
94;0.046
95;0.016
96;0.004
97;0.004
98;0.007
99;0.003
100;0.0
101;0.006
102;0.001
103;0.008
104;0.003
105;0.002
106;0.0
107;0.009
108;0.067
109;0.0
110;0.003
111;0.039
112;0.04
113;0.007
114;0.014
115;0.016
116;0.003
117;0.0
118;0.0
119;0.034
120;0.011
121;0.01
122;0.0
123;0.0
124;0.022
125;0.001
126;0.005
127;0.008
128;0.0
129;0.0
130;0.0
131;0.0
132;0.0
133;0.0
134;0.0
135;0.0
136;0.001
137;0.0
138;0.0
139;0.0
140;0.0
141;0.014
142;0.004
143;0.015
144;0.026
145;0.003
146;0.032
147;0.009
148;0.003
149;0.013
150;0.024
151;0.002
152;0.003
153;0.001
154;0.027
155;0.007
156;0.013
157;0.016
158;0.007
159;0.001
160;0.045
161;0.017
162;0.027
163;0.047
164;0.001
165;0.024
166;0.012
167;0.001
168;0.0
169;0.0
170;0.009
171;0.023
172;0.002
173;0.0
174;0.0
175;0.001
176;0.003
177;0.003
178;0.0
179;0.0
180;0.0
181;0.0
182;0.0
183;0.0
184;0.0
185;0.004
186;0.0
187;0.0
188;0.0
189;0.0
190;0.0
191;0.034
192;0.0
193;0.016
194;0.0
195;0.002
196;0.0
197;0.03
198;0.033
199;0.071
200;0.004
201;0.002
202;0.015
203;0.001
204;0.02
205;0.017
206;0.011
207;0.0
208;0.004
209;0.0
210;0.012
211;0.026
212;0.034
213;0.003
214;0.018
215;0.009
216;0.005
217;0.052
218;0.029
219;0.012
220;0.004
221;0.021
222;0.001
223;0.0
224;0.02
225;0.002
226;0.001
227;0.0
228;0.002
229;0.0
230;0.001
231;0.0
232;0.0
233;0.0
234;0.0
235;0.043
236;0.0
237;0.0
238;0.0
239;0.0
240;0.0
241;0.036
242;0.014
243;0.011
244;0.018
245;0.021
246;0.015
247;0.002
248;0.007
249;0.0
250;0.0
251;0.0
252;0.007
253;0.021
254;0.024
255;0.031
256;0.035
257;0.0
258;0.0
259;0.001
260;0.04
261;0.007
262;0.018
263;0.02
264;0.029
265;0.053
266;0.005
267;0.0
268;0.0
269;0.043
270;0.029
271;0.0
272;0.035
273;0.006
274;0.017
275;0.0
276;0.003
277;0.008
278;0.003
279;0.0
280;0.007
281;0.004
282;0.001
283;0.007
284;0.001
285;0.001
286;0.0
287;0.001
288;0.0
289;0.007
290;0.0
291;0.0
292;0.0
293;0.0
294;0.0
295;0.0
296;0.0
297;0.0
298;0.0
299;0.001
300;0.013
301;0.0
302;0.0
303;0.005
304;0.004
305;0.028
306;0.0
307;0.001
308;0.031
309;0.005
310;0.01
311;0.001
312;0.016
313;0.0
314;0.0
315;0.03
316;0.041
317;0.041
318;0.008
319;0.041
320;0.092
321;0.035
322;0.014
323;0.026
324;0.01
325;0.011
326;0.005
327;0.0
328;0.0
329;0.002
330;0.0
331;0.0
332;0.005
333;0.001
334;0.013
335;0.014
336;0.0
337;0.0
338;0.0
339;0.0
340;0.0
341;0.0
342;0.007
343;0.0
344;0.013
345;0.004
346;0.0
347;0.02
348;0.029
349;0.001
350;0.0
351;0.05
352;0.022
353;0.011
354;0.039
355;0.002
356;0.019
357;0.001
358;0.0
359;0.056
360;0.015
361;0.0
362;0.0
363;0.002
364;0.0
365;0.011
366;0.0
367;0.021
368;0.0
369;0.001
370;0.007
371;0.016
372;0.003
373;0.006
374;0.012
375;0.042
376;0.015
377;0.001
378;0.0
379;0.014
380;0.0
381;0.0
382;0.012
383;0.013
384;0.007
385;0.002
386;0.0
387;0.001
388;0.004
389;0.006
390;0.061
391;0.0
392;0.0
393;0.0
394;0.0
395;0.0
396;0.0
397;0.031
398;0.001
399;0.006
400;0.007
401;0.002
402;0.0
403;0.038
404;0.001
405;0.007
406;0.008
407;0.007
408;0.011
409;0.005
410;0.029
411;0.029
412;0.011
413;0.009
414;0.008
415;0.015
416;0.0
417;0.0
418;0.02
419;0.054
420;0.044
421;0.001
422;0.038
423;0.027
424;0.0
425;0.003
426;0.032
427;0.0
428;0.0
429;0.0
430;0.025
431;0.006
432;0.004
433;0.0
434;0.0
435;0.0
436;0.0
437;0.0
438;0.0
439;0.008
440;0.0
441;0.0
442;0.0
443;0.0
444;0.0
445;0.01
446;0.0
447;0.0
448;0.0
449;0.0
450;0.0
451;0.0
452;0.0
453;0.028
454;0.0
455;0.017
456;0.008
457;0.006
458;0.0
459;0.0
460;0.0
461;0.025
462;0.057
463;0.0
464;0.0
465;0.009
466;0.002
467;0.0
468;0.014
469;0.012
470;0.016
471;0.01
472;0.0
473;0.0
474;0.02
475;0.018
476;0.017
477;0.046
478;0.014
479;0.003
480;0.009
481;0.023
482;0.0
483;0.0
484;0.004
485;0.006
486;0.012
487;0.008
488;0.002
489;0.0
490;0.0
491;0.001
492;0.001
493;0.039
494;0.072
495;0.0
496;0.0
497;0.0
498;0.0
499;0.003
500;0.008
501;0.015
502;0.017
503;0.006
504;0.0
505;0.001
506;0.023
507;0.054
508;0.027
509;0.024
510;0.021
511;0.039
512;0.036
513;0.056
514;0.005
515;0.01
516;0.021
517;0.016
518;0.002
519;0.007
520;0.001
521;0.007
522;0.016
523;0.006
524;0.02
525;0.013
526;0.02
527;0.001
528;0.0
529;0.0
530;0.0
531;0.003
532;0.011
533;0.012
534;0.0
535;0.021
536;0.027
537;0.003
538;0.0
539;0.0
540;0.01
541;0.015
542;0.009
543;0.0
544;0.0
545;0.0
546;0.0
547;0.015
548;0.0
549;0.004
550;0.0
551;0.0
552;0.0
553;0.0
554;0.0
555;0.0
556;0.012
557;0.003
558;0.0
559;0.003
560;0.016
561;0.028
562;0.0
563;0.0
564;0.035
565;0.052
566;0.122
567;0.048
568;0.046
569;0.0
570;0.001
571;0.034
572;0.011
573;0.001
574;0.0
575;0.0
576;0.003
577;0.0
578;0.001
579;0.0
580;0.0
581;0.0
582;0.007
583;0.005
584;0.0
585;0.054
586;0.02
587;0.003
588;0.0
589;0.002
590;0.009
591;0.0
592;0.0
593;0.002
594;0.0
595;0.002
596;0.009
597;0.0
598;0.0
599;0.0
600;0.0
601;0.008
602;0.0
603;0.0
604;0.0
605;0.0
606;0.0
607;0.0
608;0.0
609;0.007
610;0.023
611;0.001
612;0.007
613;0.0
614;0.014
615;0.0
616;0.014
617;0.0
618;0.0
619;0.019
620;0.015
621;0.034
622;0.045
623;0.017
624;0.009
625;0.005
626;0.018
627;0.004
628;0.005
629;0.013
630;0.018
631;0.016
632;0.01
633;0.0
634;0.0
635;0.008
636;0.005
637;0.053
638;0.0
639;0.005
640;0.0
641;0.008
642;0.012
643;0.002
644;0.0
645;0.0
646;0.0
647;0.001
648;0.002
649;0.007
650;0.0
651;0.0
652;0.0
653;0.0
654;0.0
655;0.0
656;0.0
657;0.0
658;0.0
659;0.0
660;0.0
661;0.025
662;0.002
663;0.0
664;0.0
665;0.041
666;0.008
667;0.002
668;0.069
669;0.06
670;0.096
671;0.047
672;0.012
673;0.031
674;0.021
675;0.026
676;0.0
677;0.005
678;0.0
