;0
0;0.023
1;0.084
2;0.088
3;0.024
4;0.017
5;0.01
6;0.005
7;0.01
8;0.007
9;0.047
10;0.0
11;0.007
12;0.005
13;0.002
14;0.072
15;0.033
16;0.004
17;0.005
18;0.0
19;0.005
20;0.0
21;0.004
22;0.0
23;0.0
24;0.001
25;0.006
26;0.001
27;0.0
28;0.0
29;0.0
30;0.0
31;0.001
32;0.009
33;0.001
34;0.006
35;0.0
36;0.019
37;0.057
38;0.049
39;0.0
40;0.0
41;0.0
42;0.0
43;0.0
44;0.0
45;0.0
46;0.0
47;0.0
48;0.0
49;0.026
50;0.008
51;0.004
52;0.001
53;0.047
54;0.076
55;0.026
56;0.011
57;0.031
58;0.058
59;0.0
60;0.0
61;0.078
62;0.049
63;0.0
64;0.0
65;0.0
66;0.004
67;0.003
68;0.012
69;0.007
70;0.0
71;0.002
72;0.012
73;0.0
74;0.0
75;0.001
76;0.002
77;0.0
78;0.0
79;0.0
80;0.0
81;0.0
82;0.0
83;0.0
84;0.0
85;0.0
86;0.0
87;0.03
88;0.015
89;0.014
90;0.029
91;0.001
92;0.032
93;0.031
94;0.033
95;0.005
96;0.01
97;0.006
98;0.01
99;0.003
100;0.009
101;0.01
102;0.001
103;0.006
104;0.001
105;0.0
106;0.001
107;0.017
108;0.127
109;0.002
110;0.004
111;0.061
112;0.063
113;0.002
114;0.019
115;0.028
116;0.009
117;0.0
118;0.0
119;0.01
120;0.034
121;0.023
122;0.0
123;0.0
124;0.049
125;0.006
126;0.0
127;0.006
128;0.013
129;0.0
130;0.0
131;0.0
132;0.0
133;0.0
134;0.0
135;0.0
136;0.0
137;0.0
138;0.0
139;0.0
140;0.0
141;0.008
142;0.012
143;0.0
144;0.015
145;0.042
146;0.027
147;0.016
148;0.004
149;0.006
150;0.01
151;0.003
152;0.004
153;0.001
154;0.025
155;0.026
156;0.007
157;0.015
158;0.002
159;0.003
160;0.065
161;0.013
162;0.028
163;0.053
164;0.002
165;0.012
166;0.097
167;0.0
168;0.0
169;0.015
170;0.007
171;0.044
172;0.004
173;0.0
174;0.0
175;0.001
176;0.0
177;0.001
178;0.0
179;0.0
180;0.0
181;0.0
182;0.0
183;0.0
184;0.0
185;0.016
186;0.0
187;0.0
188;0.01
189;0.0
190;0.0
191;0.03
192;0.0
193;0.016
194;0.0
195;0.0
196;0.005
197;0.035
198;0.032
199;0.033
200;0.004
201;0.001
202;0.049
203;0.002
204;0.013
205;0.016
206;0.002
207;0.0
208;0.003
209;0.001
210;0.055
211;0.026
212;0.045
213;0.012
214;0.019
215;0.008
216;0.017
217;0.049
218;0.079
219;0.017
220;0.01
221;0.029
222;0.002
223;0.0
224;0.02
225;0.003
226;0.001
227;0.0
228;0.003
229;0.0
230;0.0
231;0.0
232;0.0
233;0.0
234;0.0
235;0.003
236;0.0
237;0.0
238;0.0
239;0.0
240;0.0
241;0.022
242;0.0
243;0.043
244;0.009
245;0.012
246;0.019
247;0.0
248;0.02
249;0.0
250;0.0
251;0.001
252;0.023
253;0.015
254;0.015
255;0.028
256;0.07
257;0.001
258;0.001
259;0.009
260;0.06
261;0.008
262;0.023
263;0.013
264;0.038
265;0.052
266;0.005
267;0.0
268;0.003
269;0.042
270;0.037
271;0.005
272;0.024
273;0.012
274;0.013
275;0.0
276;0.006
277;0.011
278;0.007
279;0.0
280;0.002
281;0.001
282;0.006
283;0.0
284;0.033
285;0.0
286;0.0
287;0.0
288;0.0
289;0.0
290;0.0
291;0.0
292;0.0
293;0.0
294;0.0
295;0.0
296;0.0
297;0.0
298;0.0
299;0.009
300;0.04
301;0.0
302;0.0
303;0.029
304;0.003
305;0.067
306;0.0
307;0.009
308;0.037
309;0.008
310;0.019
311;0.001
312;0.025
313;0.002
314;0.001
315;0.01
316;0.069
317;0.059
318;0.011
319;0.06
320;0.118
321;0.022
322;0.018
323;0.03
324;0.027
325;0.011
326;0.0
327;0.0
328;0.0
329;0.002
330;0.0
331;0.0
332;0.004
333;0.0
334;0.017
335;0.036
336;0.0
337;0.0
338;0.0
339;0.0
340;0.0
341;0.0
342;0.011
343;0.0
344;0.038
345;0.01
346;0.0
347;0.0
348;0.076
349;0.016
350;0.0
351;0.072
352;0.004
353;0.012
354;0.019
355;0.0
356;0.044
357;0.008
358;0.001
359;0.011
360;0.025
361;0.001
362;0.001
363;0.007
364;0.004
365;0.013
366;0.0
367;0.021
368;0.002
369;0.001
370;0.006
371;0.019
372;0.002
373;0.006
374;0.003
375;0.044
376;0.021
377;0.003
378;0.0
379;0.003
380;0.0
381;0.0
382;0.01
383;0.003
384;0.001
385;0.0
386;0.006
387;0.001
388;0.004
389;0.001
390;0.077
391;0.0
392;0.0
393;0.0
394;0.0
395;0.0
396;0.0
397;0.0
398;0.022
399;0.012
400;0.0
401;0.009
402;0.002
403;0.058
404;0.001
405;0.007
406;0.004
407;0.013
408;0.02
409;0.009
410;0.031
411;0.014
412;0.0
413;0.022
414;0.001
415;0.027
416;0.001
417;0.0
418;0.033
419;0.057
420;0.032
421;0.005
422;0.038
423;0.033
424;0.0
425;0.007
426;0.014
427;0.007
428;0.0
429;0.0
430;0.038
431;0.019
432;0.0
433;0.0
434;0.0
435;0.0
436;0.014
437;0.0
438;0.0
439;0.0
440;0.0
441;0.0
442;0.0
443;0.0
444;0.0
445;0.001
446;0.0
447;0.0
448;0.0
449;0.0
450;0.0
451;0.0
452;0.0
453;0.026
454;0.0
455;0.041
456;0.015
457;0.013
458;0.002
459;0.001
460;0.016
461;0.031
462;0.04
463;0.001
464;0.001
465;0.01
466;0.002
467;0.001
468;0.024
469;0.016
470;0.013
471;0.013
472;0.0
473;0.0
474;0.03
475;0.043
476;0.022
477;0.043
478;0.02
479;0.001
480;0.011
481;0.031
482;0.0
483;0.001
484;0.007
485;0.011
486;0.009
487;0.02
488;0.002
489;0.001
490;0.0
491;0.0
492;0.001
493;0.004
494;0.019
495;0.0
496;0.0
497;0.0
498;0.0
499;0.0
500;0.018
501;0.0
502;0.051
503;0.001
504;0.0
505;0.0
506;0.029
507;0.019
508;0.046
509;0.01
510;0.044
511;0.053
512;0.047
513;0.048
514;0.012
515;0.013
516;0.009
517;0.011
518;0.001
519;0.006
520;0.0
521;0.002
522;0.021
523;0.001
524;0.028
525;0.03
526;0.058
527;0.0
528;0.004
529;0.01
530;0.002
531;0.006
532;0.003
533;0.01
534;0.001
535;0.041
536;0.04
537;0.002
538;0.0
539;0.001
540;0.01
541;0.021
542;0.01
543;0.003
544;0.0
545;0.0
546;0.0
547;0.012
548;0.0
549;0.0
550;0.0
551;0.0
552;0.0
553;0.0
554;0.0
555;0.027
556;0.022
557;0.064
558;0.001
559;0.109
560;0.002
561;0.065
562;0.012
563;0.001
564;0.043
565;0.059
566;0.177
567;0.037
568;0.045
569;0.001
570;0.001
571;0.05
572;0.006
573;0.001
574;0.0
575;0.001
576;0.004
577;0.001
578;0.003
579;0.0
580;0.0
581;0.0
582;0.01
583;0.007
584;0.001
585;0.067
586;0.026
587;0.002
588;0.0
589;0.001
590;0.036
591;0.0
592;0.0
593;0.002
594;0.0
595;0.014
596;0.007
597;0.0
598;0.0
599;0.0
600;0.0
601;0.026
602;0.031
603;0.0
604;0.0
605;0.0
606;0.0
607;0.0
608;0.002
609;0.035
610;0.01
611;0.001
612;0.011
613;0.0
614;0.017
615;0.02
616;0.03
617;0.001
618;0.001
619;0.037
620;0.027
621;0.02
622;0.06
623;0.013
624;0.019
625;0.005
626;0.016
627;0.004
628;0.002
629;0.029
630;0.008
631;0.008
632;0.029
633;0.001
634;0.001
635;0.006
636;0.002
637;0.054
638;0.0
639;0.0
640;0.0
641;0.012
642;0.008
643;0.0
644;0.0
645;0.0
646;0.0
647;0.0
648;0.0
649;0.035
650;0.0
651;0.0
652;0.0
653;0.0
654;0.003
655;0.0
656;0.0
657;0.0
658;0.0
659;0.0
660;0.012
661;0.015
662;0.028
663;0.0
664;0.018
665;0.072
666;0.006
667;0.016
668;0.107
669;0.099
670;0.005
671;0.054
672;0.018
673;0.047
674;0.031
675;0.044
676;0.0
677;0.008
678;0.0
