;0
0;0.029
1;0.108
2;0.074
3;0.049
4;0.021
5;0.017
6;0.012
7;0.039
8;0.001
9;0.061
10;0.002
11;0.011
12;0.011
13;0.001
14;0.046
15;0.019
16;0.0
17;0.011
18;0.0
19;0.0
20;0.0
21;0.007
22;0.0
23;0.0
24;0.0
25;0.0
26;0.0
27;0.0
28;0.0
29;0.0
30;0.0
31;0.0
32;0.0
33;0.009
34;0.0
35;0.001
36;0.014
37;0.032
38;0.05
39;0.033
40;0.024
41;0.038
42;0.054
43;0.01
44;0.018
45;0.001
46;0.0
47;0.001
48;0.023
49;0.013
50;0.017
51;0.004
52;0.004
53;0.057
54;0.034
55;0.049
56;0.023
57;0.057
58;0.062
59;0.003
60;0.0
61;0.081
62;0.032
63;0.0
64;0.0
65;0.0
66;0.014
67;0.005
68;0.02
69;0.0
70;0.0
71;0.003
72;0.008
73;0.0
74;0.0
75;0.002
76;0.004
77;0.0
78;0.0
79;0.0
80;0.0
81;0.0
82;0.0
83;0.0
84;0.0
85;0.0
86;0.0
87;0.02
88;0.006
89;0.001
90;0.032
91;0.0
92;0.041
93;0.024
94;0.047
95;0.018
96;0.011
97;0.008
98;0.023
99;0.005
100;0.0
101;0.01
102;0.002
103;0.012
104;0.01
105;0.003
106;0.0
107;0.022
108;0.074
109;0.002
110;0.005
111;0.053
112;0.052
113;0.008
114;0.025
115;0.005
116;0.002
117;0.0
118;0.0
119;0.026
120;0.002
121;0.011
122;0.0
123;0.0
124;0.021
125;0.008
126;0.005
127;0.002
128;0.0
129;0.0
130;0.0
131;0.0
132;0.0
133;0.0
134;0.0
135;0.0
136;0.0
137;0.0
138;0.0
139;0.0
140;0.0
141;0.021
142;0.029
143;0.006
144;0.047
145;0.002
146;0.026
147;0.003
148;0.007
149;0.032
150;0.028
151;0.009
152;0.027
153;0.001
154;0.043
155;0.01
156;0.016
157;0.021
158;0.001
159;0.009
160;0.064
161;0.021
162;0.042
163;0.058
164;0.005
165;0.05
166;0.012
167;0.0
168;0.007
169;0.0
170;0.01
171;0.039
172;0.004
173;0.0
174;0.0
175;0.001
176;0.011
177;0.0
178;0.0
179;0.0
180;0.0
181;0.0
182;0.0
183;0.0
184;0.0
185;0.0
186;0.0
187;0.0
188;0.0
189;0.0
190;0.0
191;0.018
192;0.0
193;0.037
194;0.0
195;0.001
196;0.001
197;0.067
198;0.038
199;0.084
200;0.008
201;0.016
202;0.018
203;0.002
204;0.033
205;0.024
206;0.009
207;0.001
208;0.005
209;0.0
210;0.033
211;0.041
212;0.048
213;0.012
214;0.046
215;0.011
216;0.011
217;0.051
218;0.041
219;0.027
220;0.03
221;0.027
222;0.008
223;0.0
224;0.013
225;0.006
226;0.0
227;0.0
228;0.008
229;0.001
230;0.001
231;0.0
232;0.0
233;0.0
234;0.0
235;0.001
236;0.0
237;0.0
238;0.0
239;0.005
240;0.0
241;0.007
242;0.008
243;0.02
244;0.016
245;0.01
246;0.007
247;0.002
248;0.018
249;0.001
250;0.001
251;0.002
252;0.017
253;0.049
254;0.022
255;0.042
256;0.038
257;0.001
258;0.001
259;0.0
260;0.061
261;0.016
262;0.033
263;0.032
264;0.035
265;0.055
266;0.018
267;0.001
268;0.0
269;0.066
270;0.007
271;0.0
272;0.019
273;0.012
274;0.025
275;0.0
276;0.003
277;0.016
278;0.009
279;0.0
280;0.002
281;0.001
282;0.002
283;0.018
284;0.001
285;0.0
286;0.0
287;0.0
288;0.0
289;0.002
290;0.0
291;0.0
292;0.0
293;0.0
294;0.0
295;0.0
296;0.0
297;0.0
298;0.003
299;0.002
300;0.019
301;0.001
302;0.0
303;0.006
304;0.009
305;0.036
306;0.004
307;0.004
308;0.016
309;0.011
310;0.008
311;0.001
312;0.038
313;0.0
314;0.0
315;0.051
316;0.042
317;0.059
318;0.03
319;0.064
320;0.133
321;0.042
322;0.018
323;0.057
324;0.019
325;0.007
326;0.001
327;0.0
328;0.0
329;0.001
330;0.0
331;0.0
332;0.009
333;0.001
334;0.0
335;0.033
336;0.0
337;0.0
338;0.0
339;0.0
340;0.0
341;0.0
342;0.0
343;0.0
344;0.04
345;0.01
346;0.0
347;0.0
348;0.024
349;0.003
350;0.0
351;0.002
352;0.054
353;0.022
354;0.032
355;0.022
356;0.013
357;0.0
358;0.001
359;0.028
360;0.022
361;0.001
362;0.001
363;0.001
364;0.001
365;0.022
366;0.001
367;0.024
368;0.002
369;0.001
370;0.008
371;0.035
372;0.008
373;0.011
374;0.011
375;0.038
376;0.015
377;0.005
378;0.0
379;0.019
380;0.0
381;0.0
382;0.007
383;0.011
384;0.007
385;0.001
386;0.0
387;0.001
388;0.0
389;0.0
390;0.02
391;0.0
392;0.0
393;0.0
394;0.0
395;0.0
396;0.0
397;0.002
398;0.008
399;0.0
400;0.0
401;0.009
402;0.001
403;0.015
404;0.001
405;0.015
406;0.001
407;0.022
408;0.009
409;0.007
410;0.05
411;0.072
412;0.014
413;0.019
414;0.01
415;0.03
416;0.0
417;0.001
418;0.038
419;0.075
420;0.046
421;0.025
422;0.059
423;0.036
424;0.0
425;0.008
426;0.014
427;0.001
428;0.0
429;0.0
430;0.04
431;0.0
432;0.0
433;0.0
434;0.0
435;0.0
436;0.0
437;0.0
438;0.0
439;0.001
440;0.0
441;0.011
442;0.0
443;0.0
444;0.0
445;0.0
446;0.0
447;0.0
448;0.0
449;0.0
450;0.0
451;0.0
452;0.0
453;0.026
454;0.0
455;0.016
456;0.004
457;0.011
458;0.0
459;0.001
460;0.003
461;0.033
462;0.043
463;0.0
464;0.001
465;0.018
466;0.005
467;0.001
468;0.037
469;0.01
470;0.017
471;0.017
472;0.001
473;0.001
474;0.028
475;0.035
476;0.031
477;0.055
478;0.011
479;0.005
480;0.016
481;0.031
482;0.0
483;0.0
484;0.005
485;0.002
486;0.02
487;0.023
488;0.0
489;0.001
490;0.0
491;0.0
492;0.001
493;0.042
494;0.029
495;0.0
496;0.0
497;0.0
498;0.0
499;0.0
500;0.024
501;0.0
502;0.036
503;0.004
504;0.0
505;0.001
506;0.002
507;0.027
508;0.043
509;0.019
510;0.045
511;0.042
512;0.027
513;0.102
514;0.012
515;0.013
516;0.024
517;0.005
518;0.014
519;0.018
520;0.001
521;0.009
522;0.048
523;0.003
524;0.017
525;0.029
526;0.015
527;0.001
528;0.0
529;0.001
530;0.002
531;0.002
532;0.013
533;0.05
534;0.001
535;0.033
536;0.028
537;0.001
538;0.0
539;0.001
540;0.003
541;0.009
542;0.012
543;0.0
544;0.0
545;0.0
546;0.0
547;0.005
548;0.0
549;0.001
550;0.0
551;0.0
552;0.0
553;0.0
554;0.0
555;0.0
556;0.016
557;0.003
558;0.0
559;0.0
560;0.015
561;0.012
562;0.001
563;0.0
564;0.045
565;0.038
566;0.13
567;0.041
568;0.054
569;0.0
570;0.0
571;0.086
572;0.029
573;0.004
574;0.0
575;0.003
576;0.001
577;0.0
578;0.003
579;0.0
580;0.0
581;0.0
582;0.013
583;0.018
584;0.0
585;0.055
586;0.036
587;0.002
588;0.0
589;0.008
590;0.002
591;0.0
592;0.0
593;0.004
594;0.0
595;0.013
596;0.004
597;0.0
598;0.0
599;0.0
600;0.0
601;0.008
602;0.0
603;0.0
604;0.0
605;0.0
606;0.0
607;0.0
608;0.0
609;0.02
610;0.007
611;0.0
612;0.01
613;0.0
614;0.015
615;0.001
616;0.01
617;0.0
618;0.0
619;0.008
620;0.002
621;0.032
622;0.062
623;0.036
624;0.014
625;0.023
626;0.013
627;0.008
628;0.007
629;0.023
630;0.016
631;0.018
632;0.017
633;0.0
634;0.0
635;0.007
636;0.002
637;0.056
638;0.0
639;0.004
640;0.0
641;0.012
642;0.018
643;0.002
644;0.0
645;0.0
646;0.0
647;0.001
648;0.003
649;0.038
650;0.0
651;0.0
652;0.0
653;0.0
654;0.002
655;0.0
656;0.0
657;0.0
658;0.0
659;0.0
660;0.0
661;0.01
662;0.003
663;0.0
664;0.0
665;0.015
666;0.016
667;0.004
668;0.024
669;0.05
670;0.083
671;0.063
672;0.019
673;0.066
674;0.029
675;0.058
676;0.0
677;0.01
678;0.0
