;0
0;0.016
1;0.023
2;0.033
3;0.084
4;0.114
5;0.046
6;0.072
7;0.006
8;0.002
9;0.047
10;0.0
11;0.04
12;0.005
13;0.001
14;0.021
15;0.075
16;0.002
17;0.017
18;0.0
19;0.003
20;0.0
21;0.008
22;0.0
23;0.0
24;0.009
25;0.0
26;0.0
27;0.0
28;0.0
29;0.0
30;0.0
31;0.0
32;0.0
33;0.0
34;0.0
35;0.001
36;0.102
37;0.05
38;0.019
39;0.106
40;0.017
41;0.064
42;0.073
43;0.007
44;0.054
45;0.0
46;0.0
47;0.024
48;0.034
49;0.036
50;0.039
51;0.041
52;0.006
53;0.082
54;0.043
55;0.018
56;0.065
57;0.049
58;0.054
59;0.004
60;0.0
61;0.044
62;0.026
63;0.0
64;0.0
65;0.0
66;0.012
67;0.03
68;0.017
69;0.0
70;0.0
71;0.0
72;0.0
73;0.0
74;0.0
75;0.0
76;0.004
77;0.0
78;0.0
79;0.0
80;0.0
81;0.001
82;0.0
83;0.0
84;0.0
85;0.0
86;0.0
87;0.026
88;0.026
89;0.006
90;0.056
91;0.0
92;0.046
93;0.043
94;0.019
95;0.002
96;0.01
97;0.021
98;0.024
99;0.014
100;0.007
101;0.008
102;0.011
103;0.023
104;0.005
105;0.006
106;0.0
107;0.026
108;0.072
109;0.008
110;0.001
111;0.039
112;0.048
113;0.025
114;0.007
115;0.007
116;0.0
117;0.0
118;0.0
119;0.033
120;0.04
121;0.016
122;0.0
123;0.0
124;0.016
125;0.001
126;0.0
127;0.0
128;0.0
129;0.0
130;0.0
131;0.0
132;0.0
133;0.0
134;0.001
135;0.0
136;0.0
137;0.0
138;0.0
139;0.0
140;0.0
141;0.017
142;0.039
143;0.0
144;0.045
145;0.043
146;0.025
147;0.026
148;0.017
149;0.001
150;0.012
151;0.0
152;0.026
153;0.002
154;0.062
155;0.013
156;0.06
157;0.022
158;0.003
159;0.007
160;0.012
161;0.073
162;0.034
163;0.025
164;0.0
165;0.017
166;0.016
167;0.0
168;0.014
169;0.0
170;0.018
171;0.04
172;0.004
173;0.0
174;0.0
175;0.0
176;0.023
177;0.0
178;0.0
179;0.0
180;0.0
181;0.0
182;0.0
183;0.0
184;0.0
185;0.01
186;0.0
187;0.0
188;0.0
189;0.0
190;0.0
191;0.004
192;0.0
193;0.032
194;0.0
195;0.001
196;0.0
197;0.044
198;0.024
199;0.028
200;0.009
201;0.003
202;0.059
203;0.006
204;0.027
205;0.024
206;0.011
207;0.006
208;0.001
209;0.0
210;0.034
211;0.069
212;0.044
213;0.026
214;0.073
215;0.017
216;0.046
217;0.033
218;0.037
219;0.079
220;0.021
221;0.011
222;0.019
223;0.0
224;0.01
225;0.001
226;0.004
227;0.001
228;0.011
229;0.002
230;0.004
231;0.0
232;0.0
233;0.0
234;0.003
235;0.0
236;0.0
237;0.0
238;0.0
239;0.0
240;0.0
241;0.002
242;0.001
243;0.012
244;0.014
245;0.022
246;0.0
247;0.002
248;0.005
249;0.033
250;0.0
251;0.0
252;0.027
253;0.047
254;0.046
255;0.08
256;0.032
257;0.007
258;0.0
259;0.001
260;0.112
261;0.029
262;0.013
263;0.042
264;0.046
265;0.04
266;0.048
267;0.001
268;0.003
269;0.054
270;0.027
271;0.001
272;0.033
273;0.036
274;0.052
275;0.0
276;0.041
277;0.02
278;0.011
279;0.0
280;0.005
281;0.012
282;0.001
283;0.0
284;0.0
285;0.0
286;0.0
287;0.0
288;0.0
289;0.0
290;0.0
291;0.0
292;0.0
293;0.0
294;0.0
295;0.002
296;0.004
297;0.0
298;0.0
299;0.001
300;0.067
301;0.0
302;0.001
303;0.036
304;0.002
305;0.029
306;0.016
307;0.0
308;0.013
309;0.043
310;0.015
311;0.0
312;0.071
313;0.007
314;0.0
315;0.014
316;0.067
317;0.108
318;0.095
319;0.036
320;0.07
321;0.003
322;0.053
323;0.015
324;0.024
325;0.005
326;0.004
327;0.0
328;0.0
329;0.002
330;0.0
331;0.0
332;0.022
333;0.055
334;0.0
335;0.019
336;0.0
337;0.001
338;0.0
339;0.0
340;0.0
341;0.0
342;0.0
343;0.0
344;0.041
345;0.002
346;0.004
347;0.0
348;0.034
349;0.03
350;0.007
351;0.012
352;0.022
353;0.046
354;0.069
355;0.02
356;0.035
357;0.003
358;0.0
359;0.023
360;0.093
361;0.001
362;0.01
363;0.001
364;0.001
365;0.035
366;0.002
367;0.034
368;0.006
369;0.001
370;0.01
371;0.033
372;0.014
373;0.031
374;0.021
375;0.062
376;0.024
377;0.002
378;0.0
379;0.012
380;0.0
381;0.0
382;0.024
383;0.009
384;0.019
385;0.001
386;0.005
387;0.002
388;0.0
389;0.01
390;0.02
391;0.0
392;0.0
393;0.003
394;0.001
395;0.0
396;0.008
397;0.0
398;0.0
399;0.0
400;0.019
401;0.006
402;0.011
403;0.013
404;0.006
405;0.021
406;0.0
407;0.047
408;0.009
409;0.016
410;0.014
411;0.004
412;0.016
413;0.002
414;0.002
415;0.003
416;0.0
417;0.002
418;0.035
419;0.112
420;0.103
421;0.018
422;0.052
423;0.033
424;0.0
425;0.0
426;0.001
427;0.0
428;0.0
429;0.0
430;0.076
431;0.0
432;0.0
433;0.0
434;0.0
435;0.0
436;0.0
437;0.0
438;0.0
439;0.003
440;0.0
441;0.0
442;0.0
443;0.001
444;0.0
445;0.0
446;0.0
447;0.0
448;0.0
449;0.0
450;0.003
451;0.0
452;0.0
453;0.027
454;0.0
455;0.042
456;0.058
457;0.006
458;0.0
459;0.001
460;0.006
461;0.053
462;0.028
463;0.048
464;0.006
465;0.053
466;0.005
467;0.008
468;0.007
469;0.028
470;0.01
471;0.024
472;0.001
473;0.0
474;0.112
475;0.076
476;0.019
477;0.078
478;0.026
479;0.006
480;0.041
481;0.052
482;0.0
483;0.013
484;0.032
485;0.0
486;0.022
487;0.03
488;0.0
489;0.006
490;0.0
491;0.0
492;0.0
493;0.015
494;0.009
495;0.0
496;0.0
497;0.0
498;0.0
499;0.0
500;0.012
501;0.002
502;0.01
503;0.069
504;0.0
505;0.0
506;0.004
507;0.026
508;0.017
509;0.005
510;0.044
511;0.098
512;0.018
513;0.111
514;0.012
515;0.002
516;0.049
517;0.002
518;0.032
519;0.019
520;0.0
521;0.005
522;0.051
523;0.019
524;0.019
525;0.061
526;0.02
527;0.004
528;0.0
529;0.002
530;0.006
531;0.003
532;0.005
533;0.03
534;0.002
535;0.016
536;0.038
537;0.001
538;0.0
539;0.014
540;0.02
541;0.012
542;0.034
543;0.0
544;0.0
545;0.0
546;0.0
547;0.0
548;0.0
549;0.001
550;0.0
551;0.0
552;0.0
553;0.0
554;0.0
555;0.021
556;0.016
557;0.077
558;0.0
559;0.015
560;0.0
561;0.025
562;0.0
563;0.0
564;0.071
565;0.021
566;0.067
567;0.01
568;0.055
569;0.002
570;0.013
571;0.068
572;0.036
573;0.005
574;0.0
575;0.0
576;0.0
577;0.0
578;0.002
579;0.0
580;0.0
581;0.0
582;0.008
583;0.04
584;0.0
585;0.063
586;0.035
587;0.006
588;0.0
589;0.021
590;0.003
591;0.0
592;0.0
593;0.008
594;0.001
595;0.012
596;0.027
597;0.0
598;0.0
599;0.0
600;0.0
601;0.0
602;0.0
603;0.0
604;0.0
605;0.002
606;0.0
607;0.0
608;0.007
609;0.01
610;0.056
611;0.0
612;0.007
613;0.001
614;0.021
615;0.005
616;0.017
617;0.0
618;0.0
619;0.02
620;0.008
621;0.035
622;0.101
623;0.075
624;0.008
625;0.04
626;0.003
627;0.022
628;0.04
629;0.042
630;0.021
631;0.036
632;0.021
633;0.0
634;0.0
635;0.009
636;0.021
637;0.086
638;0.0
639;0.001
640;0.0
641;0.02
642;0.011
643;0.005
644;0.0
645;0.0
646;0.0
647;0.003
648;0.002
649;0.0
650;0.0
651;0.0
652;0.0
653;0.0
654;0.026
655;0.0
656;0.0
657;0.0
658;0.0
659;0.0
660;0.0
661;0.035
662;0.026
663;0.0
664;0.0
665;0.023
666;0.086
667;0.024
668;0.075
669;0.03
670;0.098
671;0.069
672;0.022
673;0.133
674;0.053
675;0.111
676;0.0
677;0.011
678;0.0
