;0
0;0.025
1;0.089
2;0.041
3;0.017
4;0.002
5;0.002
6;0.002
7;0.004
8;0.01
9;0.007
10;0.0
11;0.007
12;0.0
13;0.008
14;0.024
15;0.024
16;0.006
17;0.008
18;0.0
19;0.003
20;0.0
21;0.001
22;0.0
23;0.0
24;0.001
25;0.001
26;0.0
27;0.0
28;0.0
29;0.0
30;0.0
31;0.0
32;0.0
33;0.0
34;0.001
35;0.027
36;0.024
37;0.072
38;0.025
39;0.031
40;0.003
41;0.042
42;0.011
43;0.002
44;0.003
45;0.0
46;0.0
47;0.0
48;0.004
49;0.026
50;0.003
51;0.0
52;0.0
53;0.01
54;0.065
55;0.046
56;0.015
57;0.017
58;0.064
59;0.003
60;0.0
61;0.064
62;0.029
63;0.0
64;0.0
65;0.0
66;0.005
67;0.002
68;0.004
69;0.0
70;0.0
71;0.003
72;0.012
73;0.0
74;0.004
75;0.0
76;0.0
77;0.0
78;0.0
79;0.0
80;0.0
81;0.0
82;0.004
83;0.0
84;0.0
85;0.0
86;0.0
87;0.015
88;0.011
89;0.009
90;0.02
91;0.0
92;0.033
93;0.014
94;0.027
95;0.039
96;0.016
97;0.001
98;0.0
99;0.0
100;0.017
101;0.052
102;0.012
103;0.001
104;0.017
105;0.001
106;0.0
107;0.007
108;0.119
109;0.0
110;0.001
111;0.054
112;0.063
113;0.003
114;0.027
115;0.014
116;0.004
117;0.001
118;0.0
119;0.035
120;0.044
121;0.014
122;0.002
123;0.0
124;0.039
125;0.0
126;0.008
127;0.0
128;0.0
129;0.0
130;0.0
131;0.0
132;0.0
133;0.0
134;0.0
135;0.0
136;0.0
137;0.0
138;0.0
139;0.0
140;0.0
141;0.003
142;0.097
143;0.0
144;0.003
145;0.075
146;0.026
147;0.037
148;0.012
149;0.101
150;0.014
151;0.001
152;0.0
153;0.0
154;0.019
155;0.008
156;0.032
157;0.007
158;0.056
159;0.0
160;0.055
161;0.009
162;0.016
163;0.123
164;0.001
165;0.072
166;0.022
167;0.0
168;0.001
169;0.009
170;0.004
171;0.033
172;0.0
173;0.0
174;0.0
175;0.001
176;0.001
177;0.015
178;0.0
179;0.0
180;0.0
181;0.0
182;0.0
183;0.0
184;0.0
185;0.019
186;0.0
187;0.0
188;0.0
189;0.0
190;0.0
191;0.045
192;0.001
193;0.002
194;0.0
195;0.0
196;0.0
197;0.017
198;0.003
199;0.014
200;0.014
201;0.002
202;0.041
203;0.003
204;0.002
205;0.007
206;0.003
207;0.0
208;0.001
209;0.015
210;0.021
211;0.005
212;0.014
213;0.002
214;0.003
215;0.001
216;0.061
217;0.024
218;0.03
219;0.002
220;0.0
221;0.023
222;0.012
223;0.0
224;0.02
225;0.003
226;0.002
227;0.0
228;0.0
229;0.0
230;0.0
231;0.0
232;0.0
233;0.0
234;0.0
235;0.0
236;0.0
237;0.001
238;0.0
239;0.002
240;0.0
241;0.018
242;0.009
243;0.056
244;0.008
245;0.02
246;0.011
247;0.001
248;0.033
249;0.0
250;0.0
251;0.0
252;0.007
253;0.01
254;0.009
255;0.009
256;0.061
257;0.0
258;0.0
259;0.009
260;0.058
261;0.001
262;0.009
263;0.003
264;0.014
265;0.049
266;0.005
267;0.0
268;0.005
269;0.024
270;0.005
271;0.001
272;0.003
273;0.003
274;0.008
275;0.0
276;0.006
277;0.013
278;0.0
279;0.0
280;0.002
281;0.007
282;0.004
283;0.0
284;0.007
285;0.0
286;0.0
287;0.0
288;0.0
289;0.0
290;0.0
291;0.0
292;0.0
293;0.0
294;0.0
295;0.0
296;0.0
297;0.013
298;0.0
299;0.009
300;0.042
301;0.0
302;0.0
303;0.04
304;0.005
305;0.121
306;0.0
307;0.0
308;0.002
309;0.025
310;0.01
311;0.001
312;0.039
313;0.004
314;0.0
315;0.002
316;0.053
317;0.015
318;0.014
319;0.066
320;0.037
321;0.037
322;0.035
323;0.027
324;0.025
325;0.008
326;0.006
327;0.0
328;0.0
329;0.002
330;0.0
331;0.002
332;0.0
333;0.003
334;0.0
335;0.006
336;0.0
337;0.0
338;0.0
339;0.0
340;0.0
341;0.0
342;0.009
343;0.0
344;0.029
345;0.0
346;0.0
347;0.0
348;0.07
349;0.0
350;0.001
351;0.102
352;0.108
353;0.008
354;0.061
355;0.0
356;0.065
357;0.0
358;0.0
359;0.012
360;0.003
361;0.0
362;0.0
363;0.01
364;0.002
365;0.006
366;0.0
367;0.007
368;0.008
369;0.0
370;0.002
371;0.003
372;0.006
373;0.001
374;0.0
375;0.048
376;0.007
377;0.0
378;0.0
379;0.006
380;0.0
381;0.0
382;0.009
383;0.001
384;0.001
385;0.001
386;0.003
387;0.0
388;0.011
389;0.0
390;0.0
391;0.0
392;0.0
393;0.0
394;0.0
395;0.0
396;0.0
397;0.009
398;0.026
399;0.0
400;0.005
401;0.015
402;0.006
403;0.071
404;0.003
405;0.001
406;0.0
407;0.01
408;0.014
409;0.0
410;0.039
411;0.047
412;0.006
413;0.086
414;0.011
415;0.053
416;0.0
417;0.0
418;0.012
419;0.014
420;0.127
421;0.016
422;0.005
423;0.021
424;0.001
425;0.007
426;0.003
427;0.003
428;0.0
429;0.001
430;0.028
431;0.001
432;0.009
433;0.0
434;0.0
435;0.0
436;0.003
437;0.0
438;0.0
439;0.002
440;0.0
441;0.0
442;0.0
443;0.0
444;0.0
445;0.007
446;0.0
447;0.0
448;0.0
449;0.0
450;0.002
451;0.0
452;0.0
453;0.025
454;0.0
455;0.05
456;0.103
457;0.018
458;0.0
459;0.0
460;0.001
461;0.019
462;0.031
463;0.001
464;0.0
465;0.005
466;0.0
467;0.004
468;0.004
469;0.004
470;0.007
471;0.006
472;0.0
473;0.0
474;0.01
475;0.019
476;0.002
477;0.021
478;0.009
479;0.001
480;0.004
481;0.034
482;0.0
483;0.0
484;0.005
485;0.0
486;0.004
487;0.003
488;0.002
489;0.002
490;0.0
491;0.0
492;0.0
493;0.01
494;0.034
495;0.0
496;0.0
497;0.0
498;0.0
499;0.0
500;0.012
501;0.016
502;0.03
503;0.006
504;0.0
505;0.002
506;0.004
507;0.006
508;0.084
509;0.062
510;0.111
511;0.032
512;0.025
513;0.041
514;0.031
515;0.105
516;0.003
517;0.004
518;0.004
519;0.0
520;0.002
521;0.001
522;0.001
523;0.024
524;0.004
525;0.008
526;0.052
527;0.0
528;0.005
529;0.01
530;0.0
531;0.001
532;0.0
533;0.003
534;0.003
535;0.015
536;0.01
537;0.0
538;0.0
539;0.0
540;0.002
541;0.023
542;0.002
543;0.001
544;0.0
545;0.0
546;0.0
547;0.0
548;0.0
549;0.006
550;0.0
551;0.0
552;0.0
553;0.0
554;0.0
555;0.013
556;0.001
557;0.014
558;0.0
559;0.013
560;0.0
561;0.036
562;0.02
563;0.0
564;0.046
565;0.026
566;0.045
567;0.023
568;0.047
569;0.0
570;0.005
571;0.003
572;0.001
573;0.005
574;0.0
575;0.0
576;0.012
577;0.0
578;0.003
579;0.0
580;0.0
581;0.0
582;0.003
583;0.0
584;0.0
585;0.179
586;0.018
587;0.002
588;0.0
589;0.002
590;0.0
591;0.0
592;0.0
593;0.001
594;0.0
595;0.0
596;0.005
597;0.0
598;0.0
599;0.0
600;0.0
601;0.049
602;0.0
603;0.0
604;0.0
605;0.0
606;0.0
607;0.0
608;0.0
609;0.004
610;0.14
611;0.041
612;0.011
613;0.0
614;0.005
615;0.003
616;0.003
617;0.0
618;0.0
619;0.016
620;0.121
621;0.064
622;0.035
623;0.006
624;0.042
625;0.007
626;0.005
627;0.001
628;0.021
629;0.007
630;0.0
631;0.003
632;0.009
633;0.0
634;0.0
635;0.004
636;0.003
637;0.091
638;0.0
639;0.0
640;0.0
641;0.015
642;0.009
643;0.0
644;0.0
645;0.0
646;0.0
647;0.0
648;0.0
649;0.0
650;0.0
651;0.0
652;0.0
653;0.0
654;0.0
655;0.0
656;0.0
657;0.0
658;0.0
659;0.0
660;0.0
661;0.008
662;0.027
663;0.0
664;0.0
665;0.11
666;0.001
667;0.028
668;0.277
669;0.105
670;0.003
671;0.145
672;0.001
673;0.033
674;0.007
675;0.003
676;0.0
677;0.002
678;0.0
