;0
0;0.023
1;0.092
2;0.08
3;0.036
4;0.037
5;0.036
6;0.023
7;0.013
8;0.02
9;0.065
10;0.006
11;0.057
12;0.008
13;0.003
14;0.021
15;0.064
16;0.004
17;0.02
18;0.0
19;0.013
20;0.001
21;0.012
22;0.0
23;0.0
24;0.005
25;0.0
26;0.0
27;0.0
28;0.0
29;0.0
30;0.0
31;0.0
32;0.001
33;0.017
34;0.015
35;0.002
36;0.065
37;0.046
38;0.035
39;0.048
40;0.007
41;0.036
42;0.075
43;0.052
44;0.012
45;0.0
46;0.0
47;0.011
48;0.024
49;0.039
50;0.024
51;0.011
52;0.001
53;0.031
54;0.033
55;0.1
56;0.021
57;0.059
58;0.058
59;0.01
60;0.003
61;0.095
62;0.027
63;0.003
64;0.0
65;0.0
66;0.026
67;0.004
68;0.029
69;0.0
70;0.0
71;0.001
72;0.013
73;0.0
74;0.0
75;0.0
76;0.003
77;0.0
78;0.006
79;0.0
80;0.0
81;0.001
82;0.009
83;0.0
84;0.0
85;0.0
86;0.0
87;0.033
88;0.026
89;0.01
90;0.033
91;0.0
92;0.074
93;0.048
94;0.03
95;0.011
96;0.02
97;0.006
98;0.001
99;0.011
100;0.005
101;0.028
102;0.014
103;0.007
104;0.01
105;0.0
106;0.0
107;0.015
108;0.06
109;0.0
110;0.004
111;0.11
112;0.045
113;0.014
114;0.02
115;0.019
116;0.005
117;0.006
118;0.0
119;0.073
120;0.014
121;0.016
122;0.004
123;0.003
124;0.032
125;0.006
126;0.002
127;0.004
128;0.001
129;0.0
130;0.0
131;0.0
132;0.0
133;0.0
134;0.0
135;0.0
136;0.0
137;0.0
138;0.0
139;0.0
140;0.0
141;0.028
142;0.026
143;0.04
144;0.063
145;0.043
146;0.022
147;0.005
148;0.017
149;0.008
150;0.024
151;0.004
152;0.013
153;0.0
154;0.06
155;0.041
156;0.032
157;0.07
158;0.006
159;0.008
160;0.044
161;0.03
162;0.003
163;0.048
164;0.015
165;0.015
166;0.015
167;0.0
168;0.006
169;0.0
170;0.02
171;0.077
172;0.003
173;0.0
174;0.0
175;0.0
176;0.008
177;0.008
178;0.0
179;0.0
180;0.0
181;0.0
182;0.0
183;0.0
184;0.0
185;0.012
186;0.0
187;0.0
188;0.0
189;0.0
190;0.0
191;0.013
192;0.0
193;0.014
194;0.0
195;0.0
196;0.0
197;0.023
198;0.045
199;0.035
200;0.002
201;0.0
202;0.021
203;0.004
204;0.028
205;0.033
206;0.057
207;0.021
208;0.008
209;0.001
210;0.048
211;0.037
212;0.058
213;0.007
214;0.035
215;0.016
216;0.012
217;0.067
218;0.064
219;0.039
220;0.026
221;0.031
222;0.0
223;0.0
224;0.042
225;0.005
226;0.002
227;0.0
228;0.001
229;0.0
230;0.001
231;0.0
232;0.0
233;0.0
234;0.0
235;0.024
236;0.0
237;0.0
238;0.0
239;0.0
240;0.002
241;0.027
242;0.019
243;0.077
244;0.002
245;0.024
246;0.021
247;0.008
248;0.024
249;0.011
250;0.0
251;0.0
252;0.039
253;0.008
254;0.019
255;0.023
256;0.021
257;0.0
258;0.0
259;0.0
260;0.052
261;0.007
262;0.011
263;0.013
264;0.057
265;0.042
266;0.013
267;0.002
268;0.001
269;0.04
270;0.007
271;0.004
272;0.027
273;0.018
274;0.051
275;0.016
276;0.03
277;0.032
278;0.002
279;0.001
280;0.004
281;0.006
282;0.0
283;0.001
284;0.022
285;0.0
286;0.0
287;0.0
288;0.0
289;0.0
290;0.001
291;0.0
292;0.0
293;0.0
294;0.0
295;0.015
296;0.01
297;0.0
298;0.018
299;0.004
300;0.014
301;0.0
302;0.001
303;0.054
304;0.003
305;0.084
306;0.005
307;0.002
308;0.015
309;0.014
310;0.017
311;0.001
312;0.032
313;0.013
314;0.0
315;0.024
316;0.092
317;0.055
318;0.025
319;0.014
320;0.098
321;0.022
322;0.028
323;0.069
324;0.022
325;0.022
326;0.018
327;0.0
328;0.0
329;0.001
330;0.0
331;0.0
332;0.021
333;0.002
334;0.025
335;0.011
336;0.0
337;0.007
338;0.0
339;0.0
340;0.0
341;0.002
342;0.009
343;0.0
344;0.033
345;0.007
346;0.0
347;0.021
348;0.054
349;0.004
350;0.012
351;0.058
352;0.019
353;0.006
354;0.05
355;0.002
356;0.061
357;0.0
358;0.0
359;0.071
360;0.028
361;0.0
362;0.004
363;0.008
364;0.0
365;0.03
366;0.013
367;0.055
368;0.003
369;0.0
370;0.027
371;0.031
372;0.01
373;0.018
374;0.024
375;0.047
376;0.019
377;0.003
378;0.0
379;0.012
380;0.0
381;0.001
382;0.034
383;0.011
384;0.011
385;0.01
386;0.0
387;0.002
388;0.042
389;0.01
390;0.006
391;0.0
392;0.0
393;0.004
394;0.0
395;0.0
396;0.0
397;0.005
398;0.008
399;0.002
400;0.057
401;0.028
402;0.001
403;0.036
404;0.009
405;0.002
406;0.0
407;0.022
408;0.016
409;0.014
410;0.001
411;0.0
412;0.0
413;0.012
414;0.01
415;0.035
416;0.0
417;0.008
418;0.021
419;0.031
420;0.068
421;0.004
422;0.014
423;0.032
424;0.0
425;0.001
426;0.085
427;0.002
428;0.0
429;0.005
430;0.039
431;0.002
432;0.003
433;0.0
434;0.0
435;0.0
436;0.001
437;0.003
438;0.0
439;0.002
440;0.0
441;0.001
442;0.0
443;0.0
444;0.0
445;0.014
446;0.0
447;0.0
448;0.0
449;0.0
450;0.002
451;0.0
452;0.0
453;0.029
454;0.0
455;0.014
456;0.004
457;0.009
458;0.0
459;0.038
460;0.003
461;0.013
462;0.034
463;0.004
464;0.019
465;0.03
466;0.005
467;0.006
468;0.007
469;0.049
470;0.006
471;0.012
472;0.003
473;0.0
474;0.028
475;0.059
476;0.021
477;0.03
478;0.024
479;0.004
480;0.016
481;0.051
482;0.0
483;0.001
484;0.021
485;0.007
486;0.011
487;0.016
488;0.001
489;0.001
490;0.0
491;0.0
492;0.0
493;0.066
494;0.076
495;0.0
496;0.0
497;0.0
498;0.002
499;0.0
500;0.033
501;0.035
502;0.093
503;0.007
504;0.039
505;0.001
506;0.029
507;0.026
508;0.016
509;0.023
510;0.06
511;0.02
512;0.056
513;0.056
514;0.002
515;0.043
516;0.041
517;0.005
518;0.011
519;0.043
520;0.006
521;0.028
522;0.055
523;0.038
524;0.04
525;0.03
526;0.067
527;0.013
528;0.002
529;0.005
530;0.015
531;0.023
532;0.014
533;0.001
534;0.001
535;0.033
536;0.012
537;0.003
538;0.0
539;0.007
540;0.017
541;0.026
542;0.006
543;0.0
544;0.0
545;0.001
546;0.0
547;0.001
548;0.001
549;0.038
550;0.0
551;0.0
552;0.0
553;0.0
554;0.0
555;0.018
556;0.041
557;0.037
558;0.0
559;0.001
560;0.0
561;0.022
562;0.0
563;0.0
564;0.027
565;0.037
566;0.105
567;0.023
568;0.035
569;0.0
570;0.011
571;0.046
572;0.045
573;0.01
574;0.001
575;0.006
576;0.001
577;0.0
578;0.024
579;0.01
580;0.0
581;0.0
582;0.012
583;0.008
584;0.0
585;0.089
586;0.026
587;0.002
588;0.0
589;0.011
590;0.001
591;0.0
592;0.0
593;0.003
594;0.003
595;0.008
596;0.018
597;0.0
598;0.001
599;0.0
600;0.014
601;0.06
602;0.016
603;0.0
604;0.0
605;0.005
606;0.0
607;0.0
608;0.0
609;0.0
610;0.051
611;0.005
612;0.0
613;0.0
614;0.02
615;0.006
616;0.018
617;0.0
618;0.0
619;0.015
620;0.01
621;0.017
622;0.058
623;0.022
624;0.011
625;0.016
626;0.014
627;0.001
628;0.033
629;0.02
630;0.008
631;0.016
632;0.022
633;0.0
634;0.0
635;0.006
636;0.025
637;0.065
638;0.001
639;0.0
640;0.001
641;0.018
642;0.032
643;0.009
644;0.0
645;0.0
646;0.0
647;0.008
648;0.0
649;0.0
650;0.0
651;0.003
652;0.0
653;0.0
654;0.02
655;0.0
656;0.0
657;0.0
658;0.0
659;0.0
660;0.021
661;0.034
662;0.017
663;0.001
664;0.0
665;0.062
666;0.041
667;0.019
668;0.051
669;0.032
670;0.006
671;0.075
672;0.001
673;0.05
674;0.083
675;0.069
676;0.0
677;0.009
678;0.0
