;0
0;0.017
1;0.026
2;0.049
3;0.046
4;0.028
5;0.018
6;0.041
7;0.012
8;0.001
9;0.038
10;0.001
11;0.014
12;0.026
13;0.0
14;0.032
15;0.05
16;0.001
17;0.011
18;0.0
19;0.017
20;0.0
21;0.0
22;0.0
23;0.0
24;0.0
25;0.0
26;0.0
27;0.0
28;0.0
29;0.0
30;0.0
31;0.0
32;0.0
33;0.0
34;0.017
35;0.027
36;0.113
37;0.043
38;0.013
39;0.054
40;0.012
41;0.034
42;0.039
43;0.002
44;0.033
45;0.0
46;0.0
47;0.012
48;0.03
49;0.038
50;0.021
51;0.016
52;0.005
53;0.056
54;0.033
55;0.01
56;0.04
57;0.028
58;0.05
59;0.003
60;0.0
61;0.063
62;0.032
63;0.0
64;0.0
65;0.0
66;0.008
67;0.032
68;0.054
69;0.0
70;0.0
71;0.005
72;0.014
73;0.004
74;0.0
75;0.0
76;0.005
77;0.0
78;0.0
79;0.0
80;0.0
81;0.0
82;0.0
83;0.0
84;0.0
85;0.0
86;0.0
87;0.01
88;0.045
89;0.002
90;0.038
91;0.0
92;0.042
93;0.018
94;0.048
95;0.002
96;0.02
97;0.008
98;0.008
99;0.01
100;0.003
101;0.007
102;0.001
103;0.012
104;0.002
105;0.005
106;0.0
107;0.023
108;0.066
109;0.0
110;0.001
111;0.025
112;0.049
113;0.012
114;0.012
115;0.006
116;0.0
117;0.0
118;0.0
119;0.004
120;0.028
121;0.012
122;0.0
123;0.0
124;0.039
125;0.001
126;0.0
127;0.0
128;0.0
129;0.0
130;0.0
131;0.0
132;0.0
133;0.0
134;0.003
135;0.0
136;0.0
137;0.0
138;0.0
139;0.0
140;0.01
141;0.03
142;0.008
143;0.004
144;0.031
145;0.011
146;0.033
147;0.016
148;0.004
149;0.005
150;0.027
151;0.008
152;0.017
153;0.0
154;0.042
155;0.005
156;0.029
157;0.014
158;0.001
159;0.005
160;0.011
161;0.027
162;0.037
163;0.024
164;0.001
165;0.024
166;0.005
167;0.0
168;0.003
169;0.0
170;0.012
171;0.043
172;0.004
173;0.0
174;0.0
175;0.0
176;0.01
177;0.0
178;0.0
179;0.0
180;0.0
181;0.0
182;0.0
183;0.0
184;0.0
185;0.007
186;0.0
187;0.0
188;0.0
189;0.0
190;0.0
191;0.001
192;0.0
193;0.034
194;0.0
195;0.001
196;0.0
197;0.038
198;0.023
199;0.069
200;0.001
201;0.0
202;0.051
203;0.01
204;0.024
205;0.018
206;0.005
207;0.003
208;0.001
209;0.0
210;0.042
211;0.058
212;0.048
213;0.01
214;0.045
215;0.012
216;0.022
217;0.026
218;0.052
219;0.035
220;0.016
221;0.01
222;0.014
223;0.0
224;0.015
225;0.001
226;0.001
227;0.0
228;0.004
229;0.0
230;0.0
231;0.0
232;0.0
233;0.0
234;0.0
235;0.002
236;0.0
237;0.002
238;0.0
239;0.0
240;0.0
241;0.031
242;0.009
243;0.037
244;0.003
245;0.018
246;0.0
247;0.0
248;0.058
249;0.007
250;0.0
251;0.0
252;0.0
253;0.02
254;0.025
255;0.029
256;0.032
257;0.001
258;0.0
259;0.004
260;0.048
261;0.017
262;0.013
263;0.02
264;0.029
265;0.033
266;0.016
267;0.0
268;0.003
269;0.045
270;0.02
271;0.0
272;0.02
273;0.027
274;0.022
275;0.0
276;0.024
277;0.022
278;0.014
279;0.0
280;0.007
281;0.011
282;0.007
283;0.007
284;0.001
285;0.0
286;0.0
287;0.0
288;0.0
289;0.0
290;0.001
291;0.0
292;0.0
293;0.0
294;0.0
295;0.001
296;0.0
297;0.001
298;0.001
299;0.0
300;0.011
301;0.0
302;0.0
303;0.047
304;0.013
305;0.081
306;0.029
307;0.014
308;0.003
309;0.037
310;0.019
311;0.0
312;0.04
313;0.003
314;0.0
315;0.014
316;0.039
317;0.05
318;0.051
319;0.044
320;0.091
321;0.003
322;0.022
323;0.019
324;0.018
325;0.01
326;0.005
327;0.0
328;0.0
329;0.001
330;0.0
331;0.0
332;0.008
333;0.011
334;0.004
335;0.005
336;0.0
337;0.0
338;0.0
339;0.0
340;0.001
341;0.0
342;0.003
343;0.0
344;0.019
345;0.0
346;0.0
347;0.005
348;0.041
349;0.01
350;0.002
351;0.012
352;0.023
353;0.031
354;0.087
355;0.003
356;0.022
357;0.0
358;0.0
359;0.028
360;0.032
361;0.0
362;0.001
363;0.0
364;0.0
365;0.02
366;0.003
367;0.031
368;0.002
369;0.0
370;0.003
371;0.025
372;0.011
373;0.022
374;0.016
375;0.052
376;0.018
377;0.005
378;0.0
379;0.019
380;0.0
381;0.0
382;0.025
383;0.008
384;0.001
385;0.0
386;0.004
387;0.006
388;0.0
389;0.004
390;0.019
391;0.0
392;0.0
393;0.0
394;0.0
395;0.0
396;0.006
397;0.006
398;0.0
399;0.0
400;0.02
401;0.016
402;0.008
403;0.024
404;0.005
405;0.009
406;0.004
407;0.012
408;0.008
409;0.017
410;0.016
411;0.017
412;0.014
413;0.004
414;0.014
415;0.006
416;0.0
417;0.001
418;0.032
419;0.078
420;0.081
421;0.035
422;0.046
423;0.035
424;0.0
425;0.0
426;0.007
427;0.0
428;0.0
429;0.001
430;0.059
431;0.0
432;0.0
433;0.0
434;0.0
435;0.0
436;0.0
437;0.0
438;0.0
439;0.0
440;0.0
441;0.019
442;0.0
443;0.0
444;0.0
445;0.0
446;0.0
447;0.0
448;0.0
449;0.0
450;0.0
451;0.0
452;0.0
453;0.037
454;0.0
455;0.016
456;0.01
457;0.006
458;0.0
459;0.003
460;0.0
461;0.037
462;0.035
463;0.005
464;0.002
465;0.034
466;0.004
467;0.002
468;0.01
469;0.004
470;0.017
471;0.018
472;0.001
473;0.0
474;0.047
475;0.04
476;0.013
477;0.056
478;0.007
479;0.004
480;0.018
481;0.039
482;0.0
483;0.003
484;0.002
485;0.017
486;0.012
487;0.012
488;0.0
489;0.001
490;0.0
491;0.0
492;0.0
493;0.063
494;0.021
495;0.0
496;0.012
497;0.0
498;0.0
499;0.0
500;0.025
501;0.001
502;0.088
503;0.023
504;0.0
505;0.0
506;0.038
507;0.008
508;0.009
509;0.006
510;0.01
511;0.027
512;0.008
513;0.153
514;0.0
515;0.003
516;0.02
517;0.001
518;0.003
519;0.018
520;0.0
521;0.009
522;0.027
523;0.008
524;0.025
525;0.044
526;0.014
527;0.002
528;0.0
529;0.006
530;0.003
531;0.002
532;0.013
533;0.014
534;0.0
535;0.018
536;0.029
537;0.003
538;0.0
539;0.006
540;0.003
541;0.005
542;0.026
543;0.0
544;0.0
545;0.001
546;0.0
547;0.0
548;0.0
549;0.002
550;0.0
551;0.0
552;0.0
553;0.0
554;0.0
555;0.0
556;0.019
557;0.013
558;0.0
559;0.0
560;0.011
561;0.011
562;0.002
563;0.0
564;0.084
565;0.045
566;0.087
567;0.009
568;0.046
569;0.0
570;0.004
571;0.05
572;0.011
573;0.005
574;0.0
575;0.0
576;0.0
577;0.0
578;0.0
579;0.0
580;0.0
581;0.0
582;0.012
583;0.019
584;0.0
585;0.049
586;0.021
587;0.005
588;0.0
589;0.007
590;0.004
591;0.0
592;0.0
593;0.009
594;0.0
595;0.0
596;0.015
597;0.0
598;0.0
599;0.0
600;0.0
601;0.0
602;0.0
603;0.0
604;0.0
605;0.009
606;0.0
607;0.0
608;0.0
609;0.002
610;0.01
611;0.003
612;0.052
613;0.002
614;0.025
615;0.001
616;0.011
617;0.0
618;0.0
619;0.019
620;0.002
621;0.028
622;0.097
623;0.054
624;0.013
625;0.04
626;0.012
627;0.013
628;0.018
629;0.033
630;0.031
631;0.016
632;0.011
633;0.001
634;0.001
635;0.012
636;0.012
637;0.035
638;0.0
639;0.031
640;0.0
641;0.013
642;0.009
643;0.003
644;0.0
645;0.0
646;0.0
647;0.003
648;0.0
649;0.0
650;0.0
651;0.0
652;0.0
653;0.0
654;0.061
655;0.0
656;0.0
657;0.0
658;0.0
659;0.0
660;0.0
661;0.022
662;0.012
663;0.0
664;0.0
665;0.023
666;0.037
667;0.011
668;0.049
669;0.053
670;0.199
671;0.033
672;0.064
673;0.046
674;0.05
675;0.07
676;0.0
677;0.01
678;0.0
