;0
0;0.027
1;0.052
2;0.068
3;0.031
4;0.021
5;0.015
6;0.008
7;0.014
8;0.002
9;0.025
10;0.0
11;0.017
12;0.003
13;0.001
14;0.019
15;0.04
16;0.002
17;0.014
18;0.0
19;0.006
20;0.002
21;0.001
22;0.0
23;0.0
24;0.0
25;0.0
26;0.0
27;0.0
28;0.0
29;0.0
30;0.0
31;0.0
32;0.0
33;0.033
34;0.002
35;0.0
36;0.007
37;0.058
38;0.032
39;0.031
40;0.001
41;0.021
42;0.034
43;0.006
44;0.012
45;0.0
46;0.0
47;0.002
48;0.011
49;0.009
50;0.009
51;0.005
52;0.005
53;0.025
54;0.052
55;0.015
56;0.015
57;0.026
58;0.051
59;0.001
60;0.0
61;0.073
62;0.031
63;0.0
64;0.0
65;0.0
66;0.006
67;0.006
68;0.031
69;0.001
70;0.0
71;0.001
72;0.003
73;0.0
74;0.0
75;0.001
76;0.004
77;0.0
78;0.005
79;0.0
80;0.0
81;0.0
82;0.0
83;0.0
84;0.0
85;0.0
86;0.0
87;0.007
88;0.008
89;0.0
90;0.025
91;0.0
92;0.014
93;0.036
94;0.032
95;0.005
96;0.011
97;0.003
98;0.008
99;0.002
100;0.0
101;0.006
102;0.001
103;0.01
104;0.001
105;0.001
106;0.0
107;0.011
108;0.063
109;0.0
110;0.002
111;0.03
112;0.026
113;0.011
114;0.009
115;0.023
116;0.007
117;0.0
118;0.0
119;0.029
120;0.011
121;0.011
122;0.0
123;0.0
124;0.033
125;0.009
126;0.002
127;0.005
128;0.003
129;0.0
130;0.0
131;0.0
132;0.0
133;0.0
134;0.0
135;0.0
136;0.0
137;0.0
138;0.0
139;0.0
140;0.001
141;0.008
142;0.0
143;0.034
144;0.0
145;0.007
146;0.016
147;0.007
148;0.001
149;0.009
150;0.019
151;0.002
152;0.001
153;0.0
154;0.029
155;0.003
156;0.015
157;0.015
158;0.001
159;0.003
160;0.047
161;0.012
162;0.029
163;0.063
164;0.002
165;0.016
166;0.034
167;0.0
168;0.0
169;0.0
170;0.011
171;0.024
172;0.001
173;0.0
174;0.0
175;0.002
176;0.002
177;0.003
178;0.0
179;0.0
180;0.0
181;0.0
182;0.0
183;0.0
184;0.0
185;0.053
186;0.0
187;0.0
188;0.0
189;0.0
190;0.0
191;0.02
192;0.0
193;0.013
194;0.0
195;0.001
196;0.0
197;0.023
198;0.018
199;0.052
200;0.004
201;0.0
202;0.014
203;0.002
204;0.013
205;0.03
206;0.006
207;0.002
208;0.003
209;0.0
210;0.026
211;0.013
212;0.038
213;0.005
214;0.019
215;0.007
216;0.006
217;0.044
218;0.025
219;0.011
220;0.004
221;0.021
222;0.0
223;0.0
224;0.025
225;0.001
226;0.0
227;0.0
228;0.003
229;0.0
230;0.002
231;0.0
232;0.0
233;0.0
234;0.0
235;0.025
236;0.0
237;0.001
238;0.0
239;0.002
240;0.0
241;0.059
242;0.003
243;0.025
244;0.011
245;0.01
246;0.006
247;0.001
248;0.013
249;0.0
250;0.0
251;0.0
252;0.01
253;0.017
254;0.022
255;0.035
256;0.035
257;0.0
258;0.002
259;0.0
260;0.037
261;0.007
262;0.018
263;0.015
264;0.023
265;0.052
266;0.008
267;0.0
268;0.002
269;0.052
270;0.008
271;0.0
272;0.018
273;0.004
274;0.019
275;0.0
276;0.008
277;0.008
278;0.004
279;0.0
280;0.001
281;0.004
282;0.0
283;0.0
284;0.038
285;0.0
286;0.0
287;0.0
288;0.0
289;0.001
290;0.0
291;0.0
292;0.0
293;0.0
294;0.0
295;0.002
296;0.0
297;0.077
298;0.011
299;0.003
300;0.051
301;0.0
302;0.0
303;0.033
304;0.001
305;0.021
306;0.0
307;0.015
308;0.025
309;0.004
310;0.003
311;0.001
312;0.017
313;0.0
314;0.001
315;0.022
316;0.036
317;0.033
318;0.008
319;0.035
320;0.079
321;0.023
322;0.008
323;0.043
324;0.007
325;0.008
326;0.007
327;0.0
328;0.0
329;0.001
330;0.0
331;0.0
332;0.001
333;0.001
334;0.007
335;0.026
336;0.0
337;0.0
338;0.008
339;0.0
340;0.0
341;0.0
342;0.046
343;0.0
344;0.004
345;0.003
346;0.0
347;0.004
348;0.081
349;0.001
350;0.0
351;0.02
352;0.024
353;0.002
354;0.066
355;0.008
356;0.021
357;0.0
358;0.0
359;0.063
360;0.008
361;0.001
362;0.001
363;0.002
364;0.0
365;0.011
366;0.0
367;0.027
368;0.001
369;0.0
370;0.002
371;0.016
372;0.002
373;0.007
374;0.007
375;0.05
376;0.016
377;0.001
378;0.0
379;0.009
380;0.0
381;0.0
382;0.01
383;0.013
384;0.009
385;0.001
386;0.0
387;0.002
388;0.005
389;0.004
390;0.049
391;0.0
392;0.0
393;0.0
394;0.0
395;0.0
396;0.0
397;0.013
398;0.002
399;0.027
400;0.01
401;0.053
402;0.004
403;0.084
404;0.0
405;0.009
406;0.0
407;0.013
408;0.008
409;0.003
410;0.024
411;0.01
412;0.003
413;0.01
414;0.007
415;0.007
416;0.0
417;0.0
418;0.012
419;0.043
420;0.024
421;0.004
422;0.032
423;0.02
424;0.0
425;0.005
426;0.022
427;0.001
428;0.0
429;0.0
430;0.023
431;0.004
432;0.003
433;0.0
434;0.0
435;0.0
436;0.0
437;0.003
438;0.0
439;0.003
440;0.0
441;0.0
442;0.0
443;0.0
444;0.0
445;0.001
446;0.0
447;0.0
448;0.0
449;0.0
450;0.0
451;0.0
452;0.0
453;0.02
454;0.0
455;0.025
456;0.013
457;0.006
458;0.0
459;0.0
460;0.004
461;0.017
462;0.04
463;0.0
464;0.004
465;0.007
466;0.001
467;0.002
468;0.01
469;0.007
470;0.024
471;0.011
472;0.0
473;0.0
474;0.01
475;0.017
476;0.019
477;0.04
478;0.014
479;0.004
480;0.008
481;0.029
482;0.0
483;0.0
484;0.006
485;0.043
486;0.011
487;0.006
488;0.002
489;0.002
490;0.0
491;0.017
492;0.001
493;0.073
494;0.056
495;0.0
496;0.0
497;0.0
498;0.0
499;0.007
500;0.086
501;0.058
502;0.035
503;0.002
504;0.0
505;0.004
506;0.03
507;0.032
508;0.037
509;0.027
510;0.028
511;0.044
512;0.032
513;0.045
514;0.004
515;0.002
516;0.022
517;0.009
518;0.004
519;0.01
520;0.001
521;0.005
522;0.016
523;0.003
524;0.015
525;0.015
526;0.023
527;0.001
528;0.001
529;0.001
530;0.001
531;0.009
532;0.013
533;0.005
534;0.001
535;0.021
536;0.029
537;0.004
538;0.0
539;0.0
540;0.0
541;0.019
542;0.008
543;0.006
544;0.0
545;0.0
546;0.0
547;0.029
548;0.0
549;0.0
550;0.0
551;0.0
552;0.0
553;0.0
554;0.0
555;0.021
556;0.011
557;0.007
558;0.0
559;0.068
560;0.001
561;0.023
562;0.0
563;0.0
564;0.023
565;0.036
566;0.074
567;0.038
568;0.027
569;0.0
570;0.007
571;0.018
572;0.022
573;0.004
574;0.0
575;0.0
576;0.002
577;0.0
578;0.003
579;0.001
580;0.0
581;0.0
582;0.006
583;0.005
584;0.0
585;0.037
586;0.015
587;0.006
588;0.0
589;0.002
590;0.004
591;0.0
592;0.0
593;0.002
594;0.0
595;0.0
596;0.012
597;0.0
598;0.0
599;0.0
600;0.0
601;0.001
602;0.003
603;0.0
604;0.0
605;0.063
606;0.0
607;0.0
608;0.0
609;0.001
610;0.008
611;0.004
612;0.006
613;0.0
614;0.006
615;0.0
616;0.02
617;0.0
618;0.0
619;0.026
620;0.025
621;0.034
622;0.065
623;0.013
624;0.011
625;0.005
626;0.016
627;0.003
628;0.007
629;0.013
630;0.011
631;0.013
632;0.007
633;0.0
634;0.0
635;0.01
636;0.006
637;0.059
638;0.0
639;0.002
640;0.0
641;0.012
642;0.011
643;0.002
644;0.0
645;0.0
646;0.0
647;0.004
648;0.0
649;0.004
650;0.0
651;0.0
652;0.0
653;0.0
654;0.0
655;0.0
656;0.0
657;0.0
658;0.0
659;0.0
660;0.0
661;0.029
662;0.001
663;0.0
664;0.0
665;0.027
666;0.007
667;0.001
668;0.033
669;0.058
670;0.066
671;0.129
672;0.01
673;0.027
674;0.03
675;0.023
676;0.0
677;0.005
678;0.0
