;0
0;0.038
1;0.129
2;0.033
3;0.022
4;0.004
5;0.004
6;0.0
7;0.003
8;0.009
9;0.009
10;0.0
11;0.002
12;0.0
13;0.004
14;0.029
15;0.023
16;0.005
17;0.054
18;0.0
19;0.001
20;0.0
21;0.001
22;0.0
23;0.0
24;0.0
25;0.0
26;0.0
27;0.0
28;0.0
29;0.0
30;0.0
31;0.0
32;0.0
33;0.0
34;0.003
35;0.0
36;0.005
37;0.061
38;0.051
39;0.014
40;0.008
41;0.03
42;0.008
43;0.001
44;0.006
45;0.0
46;0.0
47;0.0
48;0.005
49;0.015
50;0.001
51;0.003
52;0.0
53;0.016
54;0.08
55;0.04
56;0.004
57;0.01
58;0.047
59;0.0
60;0.0
61;0.09
62;0.042
63;0.0
64;0.0
65;0.0
66;0.001
67;0.003
68;0.003
69;0.002
70;0.0
71;0.001
72;0.001
73;0.0
74;0.01
75;0.001
76;0.001
77;0.0
78;0.0
79;0.0
80;0.0
81;0.006
82;0.0
83;0.0
84;0.0
85;0.0
86;0.0
87;0.011
88;0.006
89;0.031
90;0.023
91;0.0
92;0.032
93;0.042
94;0.029
95;0.052
96;0.011
97;0.001
98;0.002
99;0.001
100;0.011
101;0.007
102;0.003
103;0.0
104;0.002
105;0.0
106;0.0
107;0.006
108;0.142
109;0.0
110;0.001
111;0.051
112;0.07
113;0.009
114;0.013
115;0.018
116;0.001
117;0.0
118;0.0
119;0.068
120;0.092
121;0.017
122;0.001
123;0.0
124;0.069
125;0.001
126;0.0
127;0.001
128;0.0
129;0.0
130;0.0
131;0.0
132;0.0
133;0.0
134;0.0
135;0.0
136;0.0
137;0.0
138;0.0
139;0.0
140;0.0
141;0.017
142;0.076
143;0.0
144;0.004
145;0.015
146;0.009
147;0.077
148;0.012
149;0.018
150;0.009
151;0.003
152;0.001
153;0.0
154;0.015
155;0.042
156;0.005
157;0.008
158;0.008
159;0.0
160;0.081
161;0.002
162;0.016
163;0.083
164;0.008
165;0.021
166;0.092
167;0.0
168;0.0
169;0.006
170;0.003
171;0.027
172;0.0
173;0.0
174;0.0
175;0.001
176;0.0
177;0.0
178;0.0
179;0.0
180;0.0
181;0.0
182;0.0
183;0.0
184;0.0
185;0.01
186;0.0
187;0.0
188;0.006
189;0.0
190;0.0
191;0.023
192;0.003
193;0.003
194;0.0
195;0.0
196;0.0
197;0.025
198;0.007
199;0.026
200;0.027
201;0.001
202;0.06
203;0.001
204;0.008
205;0.003
206;0.002
207;0.0
208;0.0
209;0.009
210;0.011
211;0.003
212;0.015
213;0.006
214;0.004
215;0.001
216;0.009
217;0.032
218;0.02
219;0.004
220;0.001
221;0.014
222;0.0
223;0.0
224;0.013
225;0.011
226;0.004
227;0.0
228;0.0
229;0.0
230;0.0
231;0.0
232;0.0
233;0.0
234;0.0
235;0.009
236;0.0
237;0.001
238;0.0
239;0.0
240;0.001
241;0.01
242;0.0
243;0.061
244;0.034
245;0.01
246;0.04
247;0.0
248;0.007
249;0.0
250;0.0
251;0.0
252;0.008
253;0.009
254;0.013
255;0.011
256;0.111
257;0.0
258;0.0
259;0.032
260;0.027
261;0.0
262;0.007
263;0.003
264;0.009
265;0.076
266;0.003
267;0.0
268;0.0
269;0.013
270;0.004
271;0.002
272;0.004
273;0.007
274;0.002
275;0.005
276;0.007
277;0.004
278;0.002
279;0.0
280;0.004
281;0.001
282;0.024
283;0.0
284;0.001
285;0.0
286;0.0
287;0.0
288;0.0
289;0.0
290;0.0
291;0.0
292;0.0
293;0.0
294;0.0
295;0.014
296;0.0
297;0.0
298;0.0
299;0.006
300;0.013
301;0.0
302;0.0
303;0.02
304;0.001
305;0.073
306;0.0
307;0.0
308;0.007
309;0.01
310;0.008
311;0.004
312;0.017
313;0.006
314;0.0
315;0.001
316;0.022
317;0.02
318;0.006
319;0.076
320;0.052
321;0.009
322;0.032
323;0.008
324;0.009
325;0.008
326;0.0
327;0.0
328;0.0
329;0.0
330;0.0
331;0.005
332;0.01
333;0.001
334;0.0
335;0.003
336;0.0
337;0.0
338;0.0
339;0.0
340;0.0
341;0.001
342;0.018
343;0.001
344;0.021
345;0.001
346;0.002
347;0.001
348;0.028
349;0.003
350;0.001
351;0.036
352;0.05
353;0.011
354;0.043
355;0.002
356;0.086
357;0.0
358;0.0
359;0.008
360;0.004
361;0.0
362;0.0
363;0.004
364;0.012
365;0.001
366;0.0
367;0.01
368;0.005
369;0.0
370;0.003
371;0.002
372;0.029
373;0.002
374;0.002
375;0.021
376;0.004
377;0.0
378;0.0
379;0.0
380;0.0
381;0.0
382;0.016
383;0.002
384;0.001
385;0.0
386;0.002
387;0.0
388;0.001
389;0.0
390;0.0
391;0.0
392;0.0
393;0.0
394;0.0
395;0.0
396;0.0
397;0.028
398;0.007
399;0.0
400;0.023
401;0.065
402;0.013
403;0.055
404;0.0
405;0.003
406;0.0
407;0.007
408;0.004
409;0.005
410;0.013
411;0.041
412;0.004
413;0.045
414;0.007
415;0.048
416;0.001
417;0.0
418;0.019
419;0.028
420;0.058
421;0.014
422;0.008
423;0.014
424;0.0
425;0.009
426;0.003
427;0.001
428;0.0
429;0.008
430;0.017
431;0.003
432;0.002
433;0.001
434;0.0
435;0.0
436;0.001
437;0.0
438;0.0
439;0.003
440;0.0
441;0.0
442;0.0
443;0.0
444;0.0
445;0.001
446;0.0
447;0.0
448;0.0
449;0.0
450;0.002
451;0.0
452;0.0
453;0.026
454;0.0
455;0.014
456;0.057
457;0.014
458;0.0
459;0.0
460;0.0
461;0.02
462;0.033
463;0.0
464;0.001
465;0.003
466;0.0
467;0.002
468;0.004
469;0.005
470;0.018
471;0.003
472;0.001
473;0.0
474;0.008
475;0.034
476;0.002
477;0.019
478;0.006
479;0.0
480;0.004
481;0.025
482;0.0
483;0.001
484;0.003
485;0.007
486;0.0
487;0.003
488;0.004
489;0.001
490;0.0
491;0.0
492;0.0
493;0.006
494;0.013
495;0.0
496;0.0
497;0.0
498;0.0
499;0.0
500;0.044
501;0.049
502;0.021
503;0.011
504;0.0
505;0.0
506;0.037
507;0.015
508;0.103
509;0.021
510;0.107
511;0.132
512;0.027
513;0.016
514;0.011
515;0.004
516;0.005
517;0.011
518;0.001
519;0.002
520;0.001
521;0.0
522;0.003
523;0.0
524;0.003
525;0.012
526;0.069
527;0.0
528;0.009
529;0.014
530;0.0
531;0.002
532;0.002
533;0.008
534;0.001
535;0.033
536;0.016
537;0.001
538;0.0
539;0.001
540;0.021
541;0.024
542;0.006
543;0.011
544;0.0
545;0.0
546;0.0
547;0.0
548;0.0
549;0.03
550;0.0
551;0.0
552;0.0
553;0.0
554;0.0
555;0.0
556;0.019
557;0.016
558;0.0
559;0.024
560;0.0
561;0.08
562;0.013
563;0.0
564;0.131
565;0.034
566;0.046
567;0.018
568;0.032
569;0.001
570;0.002
571;0.006
572;0.002
573;0.008
574;0.0
575;0.0
576;0.005
577;0.0
578;0.003
579;0.0
580;0.0
581;0.0
582;0.006
583;0.002
584;0.0
585;0.125
586;0.017
587;0.005
588;0.0
589;0.004
590;0.014
591;0.0
592;0.0
593;0.0
594;0.0
595;0.001
596;0.029
597;0.0
598;0.0
599;0.0
600;0.0
601;0.013
602;0.003
603;0.0
604;0.0
605;0.0
606;0.0
607;0.0
608;0.004
609;0.021
610;0.036
611;0.0
612;0.011
613;0.004
614;0.004
615;0.02
616;0.0
617;0.0
618;0.0
619;0.026
620;0.0
621;0.022
622;0.018
623;0.004
624;0.031
625;0.004
626;0.008
627;0.002
628;0.005
629;0.011
630;0.0
631;0.003
632;0.011
633;0.0
634;0.0
635;0.004
636;0.001
637;0.041
638;0.0
639;0.0
640;0.0
641;0.006
642;0.01
643;0.0
644;0.0
645;0.0
646;0.0
647;0.002
648;0.0
649;0.012
650;0.0
651;0.0
652;0.0
653;0.0
654;0.0
655;0.0
656;0.0
657;0.0
658;0.0
659;0.0
660;0.0
661;0.051
662;0.009
663;0.001
664;0.004
665;0.079
666;0.004
667;0.018
668;0.207
669;0.141
670;0.002
671;0.07
672;0.001
673;0.025
674;0.006
675;0.012
676;0.001
677;0.002
678;0.0
