;0
0;0.026
1;0.03
2;0.049
3;0.04
4;0.022
5;0.032
6;0.072
7;0.014
8;0.002
9;0.016
10;0.0
11;0.043
12;0.006
13;0.0
14;0.0
15;0.0
16;0.007
17;0.001
18;0.0
19;0.001
20;0.0
21;0.001
22;0.0
23;0.0
24;0.008
25;0.0
26;0.0
27;0.0
28;0.0
29;0.0
30;0.0
31;0.0
32;0.0
33;0.0
34;0.0
35;0.004
36;0.058
37;0.011
38;0.054
39;0.08
40;0.005
41;0.051
42;0.053
43;0.014
44;0.049
45;0.0
46;0.0
47;0.018
48;0.036
49;0.026
50;0.021
51;0.025
52;0.001
53;0.014
54;0.062
55;0.029
56;0.033
57;0.013
58;0.035
59;0.006
60;0.0
61;0.038
62;0.031
63;0.0
64;0.0
65;0.0
66;0.009
67;0.024
68;0.01
69;0.0
70;0.0
71;0.001
72;0.002
73;0.0
74;0.0
75;0.0
76;0.002
77;0.0
78;0.0
79;0.0
80;0.0
81;0.0
82;0.0
83;0.0
84;0.0
85;0.0
86;0.0
87;0.035
88;0.055
89;0.007
90;0.022
91;0.0
92;0.013
93;0.039
94;0.05
95;0.004
96;0.006
97;0.007
98;0.006
99;0.006
100;0.003
101;0.011
102;0.015
103;0.004
104;0.001
105;0.001
106;0.003
107;0.016
108;0.049
109;0.003
110;0.0
111;0.039
112;0.032
113;0.02
114;0.004
115;0.012
116;0.0
117;0.004
118;0.0
119;0.054
120;0.006
121;0.004
122;0.013
123;0.0
124;0.03
125;0.003
126;0.0
127;0.0
128;0.0
129;0.0
130;0.0
131;0.0
132;0.0
133;0.001
134;0.0
135;0.0
136;0.0
137;0.0
138;0.0
139;0.0
140;0.0
141;0.036
142;0.016
143;0.0
144;0.031
145;0.05
146;0.012
147;0.001
148;0.024
149;0.019
150;0.0
151;0.0
152;0.002
153;0.0
154;0.041
155;0.021
156;0.036
157;0.015
158;0.005
159;0.001
160;0.007
161;0.067
162;0.02
163;0.025
164;0.004
165;0.037
166;0.059
167;0.0
168;0.001
169;0.0
170;0.013
171;0.03
172;0.007
173;0.0
174;0.0
175;0.0
176;0.015
177;0.0
178;0.0
179;0.0
180;0.0
181;0.0
182;0.0
183;0.0
184;0.0
185;0.001
186;0.0
187;0.0
188;0.0
189;0.0
190;0.0
191;0.023
192;0.0
193;0.006
194;0.0
195;0.004
196;0.0
197;0.016
198;0.001
199;0.013
200;0.011
201;0.0
202;0.059
203;0.012
204;0.014
205;0.048
206;0.005
207;0.022
208;0.0
209;0.002
210;0.024
211;0.017
212;0.035
213;0.008
214;0.048
215;0.035
216;0.018
217;0.035
218;0.018
219;0.041
220;0.014
221;0.007
222;0.0
223;0.0
224;0.009
225;0.002
226;0.001
227;0.001
228;0.0
229;0.0
230;0.0
231;0.0
232;0.0
233;0.0
234;0.003
235;0.0
236;0.0
237;0.0
238;0.0
239;0.0
240;0.001
241;0.002
242;0.0
243;0.008
244;0.0
245;0.016
246;0.012
247;0.001
248;0.033
249;0.008
250;0.0
251;0.0
252;0.016
253;0.008
254;0.007
255;0.022
256;0.067
257;0.003
258;0.002
259;0.0
260;0.067
261;0.013
262;0.007
263;0.008
264;0.056
265;0.067
266;0.033
267;0.001
268;0.007
269;0.044
270;0.019
271;0.0
272;0.029
273;0.005
274;0.029
275;0.001
276;0.047
277;0.011
278;0.014
279;0.0
280;0.002
281;0.012
282;0.0
283;0.0
284;0.01
285;0.0
286;0.001
287;0.0
288;0.006
289;0.0
290;0.0
291;0.0
292;0.0
293;0.0
294;0.0
295;0.002
296;0.001
297;0.0
298;0.0
299;0.004
300;0.093
301;0.0
302;0.007
303;0.032
304;0.021
305;0.019
306;0.007
307;0.0
308;0.004
309;0.04
310;0.002
311;0.003
312;0.067
313;0.007
314;0.0
315;0.018
316;0.051
317;0.033
318;0.045
319;0.004
320;0.052
321;0.013
322;0.058
323;0.032
324;0.005
325;0.017
326;0.014
327;0.0
328;0.0
329;0.0
330;0.0
331;0.0
332;0.029
333;0.015
334;0.005
335;0.009
336;0.0
337;0.008
338;0.0
339;0.0
340;0.0
341;0.0
342;0.0
343;0.0
344;0.026
345;0.001
346;0.0
347;0.0
348;0.026
349;0.023
350;0.003
351;0.029
352;0.004
353;0.021
354;0.064
355;0.021
356;0.045
357;0.007
358;0.0
359;0.03
360;0.034
361;0.0
362;0.02
363;0.003
364;0.0
365;0.02
366;0.0
367;0.041
368;0.007
369;0.0
370;0.003
371;0.017
372;0.015
373;0.007
374;0.026
375;0.019
376;0.007
377;0.008
378;0.0
379;0.011
380;0.0
381;0.0
382;0.011
383;0.007
384;0.014
385;0.001
386;0.002
387;0.001
388;0.0
389;0.012
390;0.002
391;0.0
392;0.0
393;0.003
394;0.0
395;0.0
396;0.015
397;0.0
398;0.003
399;0.0
400;0.004
401;0.037
402;0.0
403;0.014
404;0.002
405;0.004
406;0.0
407;0.033
408;0.007
409;0.022
410;0.007
411;0.0
412;0.073
413;0.0
414;0.009
415;0.004
416;0.0
417;0.012
418;0.027
419;0.019
420;0.015
421;0.0
422;0.02
423;0.015
424;0.003
425;0.003
426;0.016
427;0.0
428;0.0
429;0.01
430;0.045
431;0.0
432;0.0
433;0.001
434;0.0
435;0.0
436;0.0
437;0.001
438;0.0
439;0.001
440;0.0
441;0.0
442;0.0
443;0.0
444;0.0
445;0.02
446;0.001
447;0.0
448;0.0
449;0.0
450;0.0
451;0.0
452;0.0
453;0.045
454;0.001
455;0.034
456;0.028
457;0.03
458;0.0
459;0.002
460;0.01
461;0.022
462;0.026
463;0.041
464;0.007
465;0.039
466;0.003
467;0.011
468;0.002
469;0.015
470;0.017
471;0.01
472;0.0
473;0.0
474;0.008
475;0.069
476;0.03
477;0.048
478;0.008
479;0.005
480;0.017
481;0.069
482;0.0
483;0.002
484;0.022
485;0.0
486;0.006
487;0.01
488;0.001
489;0.006
490;0.0
491;0.0
492;0.0
493;0.033
494;0.053
495;0.0
496;0.0
497;0.0
498;0.0
499;0.0
500;0.006
501;0.021
502;0.075
503;0.074
504;0.0
505;0.0
506;0.002
507;0.027
508;0.0
509;0.0
510;0.008
511;0.091
512;0.013
513;0.05
514;0.0
515;0.006
516;0.033
517;0.02
518;0.01
519;0.041
520;0.001
521;0.015
522;0.027
523;0.021
524;0.004
525;0.033
526;0.035
527;0.004
528;0.0
529;0.013
530;0.0
531;0.004
532;0.024
533;0.008
534;0.013
535;0.005
536;0.018
537;0.001
538;0.0
539;0.02
540;0.011
541;0.004
542;0.001
543;0.0
544;0.0
545;0.0
546;0.0
547;0.0
548;0.001
549;0.011
550;0.0
551;0.0
552;0.0
553;0.0
554;0.0
555;0.009
556;0.053
557;0.013
558;0.0
559;0.022
560;0.0
561;0.028
562;0.0
563;0.0
564;0.026
565;0.032
566;0.028
567;0.015
568;0.021
569;0.0
570;0.02
571;0.019
572;0.01
573;0.015
574;0.0
575;0.0
576;0.0
577;0.0
578;0.002
579;0.0
580;0.0
581;0.0
582;0.003
583;0.016
584;0.0
585;0.043
586;0.022
587;0.002
588;0.0
589;0.018
590;0.003
591;0.0
592;0.0
593;0.002
594;0.0
595;0.001
596;0.024
597;0.0
598;0.0
599;0.0
600;0.0
601;0.002
602;0.0
603;0.0
604;0.0
605;0.0
606;0.0
607;0.0
608;0.006
609;0.0
610;0.058
611;0.0
612;0.008
613;0.0
614;0.012
615;0.0
616;0.013
617;0.0
618;0.0
619;0.016
620;0.027
621;0.029
622;0.049
623;0.028
624;0.001
625;0.034
626;0.0
627;0.011
628;0.036
629;0.013
630;0.019
631;0.019
632;0.018
633;0.0
634;0.0
635;0.003
636;0.025
637;0.061
638;0.001
639;0.008
640;0.0
641;0.009
642;0.02
643;0.007
644;0.002
645;0.0
646;0.0
647;0.001
648;0.0
649;0.0
650;0.0
651;0.0
652;0.0
653;0.0
654;0.013
655;0.0
656;0.0
657;0.0
658;0.0
659;0.0
660;0.007
661;0.052
662;0.019
663;0.0
664;0.005
665;0.042
666;0.055
667;0.044
668;0.011
669;0.027
670;0.122
671;0.042
672;0.013
673;0.039
674;0.063
675;0.058
676;0.0
677;0.001
678;0.001
