;0
0;0.007
1;0.086
2;0.045
3;0.061
4;0.049
5;0.025
6;0.036
7;0.001
8;0.003
9;0.036
10;0.0
11;0.024
12;0.019
13;0.002
14;0.017
15;0.053
16;0.01
17;0.0
18;0.0
19;0.001
20;0.0
21;0.014
22;0.0
23;0.0
24;0.026
25;0.0
26;0.0
27;0.0
28;0.0
29;0.0
30;0.0
31;0.0
32;0.0
33;0.0
34;0.0
35;0.0
36;0.0
37;0.01
38;0.001
39;0.046
40;0.028
41;0.101
42;0.052
43;0.01
44;0.033
45;0.001
46;0.0
47;0.009
48;0.018
49;0.034
50;0.04
51;0.016
52;0.006
53;0.03
54;0.028
55;0.035
56;0.018
57;0.026
58;0.073
59;0.003
60;0.0
61;0.051
62;0.026
63;0.0
64;0.0
65;0.0
66;0.003
67;0.023
68;0.004
69;0.0
70;0.0
71;0.004
72;0.012
73;0.0
74;0.0
75;0.001
76;0.004
77;0.0
78;0.0
79;0.0
80;0.0
81;0.0
82;0.0
83;0.001
84;0.0
85;0.0
86;0.0
87;0.027
88;0.037
89;0.001
90;0.038
91;0.022
92;0.012
93;0.133
94;0.031
95;0.007
96;0.005
97;0.011
98;0.038
99;0.013
100;0.006
101;0.03
102;0.022
103;0.022
104;0.012
105;0.004
106;0.0
107;0.019
108;0.047
109;0.0
110;0.005
111;0.043
112;0.024
113;0.015
114;0.004
115;0.014
116;0.006
117;0.0
118;0.0
119;0.041
120;0.003
121;0.018
122;0.005
123;0.0
124;0.024
125;0.001
126;0.0
127;0.002
128;0.0
129;0.0
130;0.0
131;0.0
132;0.0
133;0.002
134;0.001
135;0.0
136;0.0
137;0.0
138;0.0
139;0.0
140;0.0
141;0.021
142;0.019
143;0.0
144;0.056
145;0.103
146;0.021
147;0.013
148;0.0
149;0.011
150;0.001
151;0.001
152;0.008
153;0.003
154;0.081
155;0.01
156;0.017
157;0.019
158;0.011
159;0.004
160;0.015
161;0.042
162;0.055
163;0.028
164;0.009
165;0.019
166;0.007
167;0.0
168;0.001
169;0.0
170;0.015
171;0.048
172;0.007
173;0.002
174;0.0
175;0.0
176;0.024
177;0.0
178;0.0
179;0.0
180;0.0
181;0.0
182;0.0
183;0.0
184;0.0
185;0.052
186;0.0
187;0.0
188;0.0
189;0.0
190;0.0
191;0.045
192;0.0
193;0.009
194;0.004
195;0.006
196;0.0
197;0.024
198;0.0
199;0.024
200;0.012
201;0.0
202;0.074
203;0.001
204;0.029
205;0.052
206;0.029
207;0.004
208;0.001
209;0.001
210;0.057
211;0.032
212;0.038
213;0.018
214;0.077
215;0.028
216;0.021
217;0.047
218;0.024
219;0.033
220;0.016
221;0.015
222;0.0
223;0.0
224;0.007
225;0.005
226;0.007
227;0.0
228;0.004
229;0.006
230;0.006
231;0.0
232;0.0
233;0.0
234;0.003
235;0.0
236;0.0
237;0.0
238;0.0
239;0.0
240;0.0
241;0.004
242;0.001
243;0.011
244;0.013
245;0.032
246;0.001
247;0.013
248;0.054
249;0.012
250;0.0
251;0.0
252;0.026
253;0.032
254;0.011
255;0.035
256;0.03
257;0.002
258;0.005
259;0.0
260;0.087
261;0.025
262;0.002
263;0.007
264;0.039
265;0.022
266;0.052
267;0.002
268;0.004
269;0.052
270;0.003
271;0.002
272;0.03
273;0.019
274;0.005
275;0.011
276;0.007
277;0.035
278;0.016
279;0.0
280;0.01
281;0.011
282;0.014
283;0.0
284;0.002
285;0.01
286;0.0
287;0.0
288;0.017
289;0.008
290;0.0
291;0.001
292;0.0
293;0.0
294;0.0
295;0.009
296;0.013
297;0.0
298;0.016
299;0.017
300;0.068
301;0.0
302;0.004
303;0.03
304;0.002
305;0.024
306;0.008
307;0.003
308;0.003
309;0.071
310;0.005
311;0.006
312;0.046
313;0.002
314;0.0
315;0.026
316;0.124
317;0.05
318;0.055
319;0.0
320;0.03
321;0.006
322;0.026
323;0.032
324;0.006
325;0.005
326;0.012
327;0.0
328;0.0
329;0.001
330;0.0
331;0.0
332;0.003
333;0.008
334;0.002
335;0.002
336;0.008
337;0.001
338;0.0
339;0.0
340;0.0
341;0.0
342;0.027
343;0.0
344;0.016
345;0.004
346;0.0
347;0.0
348;0.038
349;0.009
350;0.015
351;0.037
352;0.022
353;0.014
354;0.055
355;0.013
356;0.208
357;0.001
358;0.001
359;0.063
360;0.061
361;0.003
362;0.01
363;0.005
364;0.001
365;0.049
366;0.008
367;0.047
368;0.019
369;0.0
370;0.001
371;0.005
372;0.009
373;0.019
374;0.052
375;0.088
376;0.041
377;0.003
378;0.0
379;0.011
380;0.0
381;0.005
382;0.038
383;0.001
384;0.018
385;0.004
386;0.003
387;0.0
388;0.0
389;0.003
390;0.003
391;0.0
392;0.0
393;0.006
394;0.0
395;0.0
396;0.0
397;0.0
398;0.011
399;0.0
400;0.028
401;0.023
402;0.002
403;0.001
404;0.001
405;0.004
406;0.0
407;0.001
408;0.0
409;0.0
410;0.004
411;0.0
412;0.053
413;0.002
414;0.003
415;0.005
416;0.0
417;0.029
418;0.028
419;0.015
420;0.038
421;0.007
422;0.021
423;0.005
424;0.002
425;0.002
426;0.017
427;0.0
428;0.0
429;0.001
430;0.051
431;0.0
432;0.0
433;0.0
434;0.0
435;0.0
436;0.0
437;0.001
438;0.0
439;0.001
440;0.0
441;0.0
442;0.0
443;0.0
444;0.0
445;0.0
446;0.004
447;0.0
448;0.0
449;0.0
450;0.0
451;0.0
452;0.0
453;0.061
454;0.001
455;0.034
456;0.002
457;0.014
458;0.0
459;0.026
460;0.029
461;0.041
462;0.046
463;0.041
464;0.005
465;0.06
466;0.006
467;0.015
468;0.003
469;0.041
470;0.018
471;0.02
472;0.002
473;0.0
474;0.007
475;0.062
476;0.016
477;0.047
478;0.023
479;0.014
480;0.016
481;0.116
482;0.0
483;0.001
484;0.008
485;0.0
486;0.0
487;0.005
488;0.002
489;0.007
490;0.0
491;0.0
492;0.0
493;0.022
494;0.001
495;0.0
496;0.0
497;0.0
498;0.011
499;0.0
500;0.0
501;0.019
502;0.033
503;0.096
504;0.0
505;0.002
506;0.001
507;0.0
508;0.01
509;0.011
510;0.03
511;0.009
512;0.008
513;0.032
514;0.001
515;0.001
516;0.028
517;0.001
518;0.005
519;0.023
520;0.004
521;0.03
522;0.023
523;0.03
524;0.005
525;0.018
526;0.066
527;0.001
528;0.003
529;0.006
530;0.005
531;0.002
532;0.007
533;0.002
534;0.004
535;0.015
536;0.067
537;0.002
538;0.0
539;0.028
540;0.056
541;0.012
542;0.003
543;0.038
544;0.0
545;0.0
546;0.0
547;0.0
548;0.0
549;0.003
550;0.0
551;0.0
552;0.0
553;0.0
554;0.0
555;0.0
556;0.051
557;0.003
558;0.0
559;0.0
560;0.0
561;0.053
562;0.001
563;0.0
564;0.014
565;0.036
566;0.07
567;0.018
568;0.07
569;0.0
570;0.026
571;0.031
572;0.02
573;0.005
574;0.001
575;0.0
576;0.001
577;0.001
578;0.001
579;0.0
580;0.001
581;0.0
582;0.014
583;0.025
584;0.0
585;0.043
586;0.066
587;0.0
588;0.0
589;0.023
590;0.0
591;0.0
592;0.0
593;0.005
594;0.001
595;0.003
596;0.056
597;0.0
598;0.0
599;0.0
600;0.003
601;0.002
602;0.0
603;0.0
604;0.002
605;0.003
606;0.0
607;0.0
608;0.0
609;0.0
610;0.014
611;0.0
612;0.021
613;0.0
614;0.034
615;0.004
616;0.014
617;0.001
618;0.0
619;0.02
620;0.01
621;0.009
622;0.059
623;0.037
624;0.005
625;0.059
626;0.007
627;0.014
628;0.038
629;0.016
630;0.038
631;0.023
632;0.015
633;0.0
634;0.0
635;0.01
636;0.021
637;0.067
638;0.005
639;0.007
640;0.0
641;0.027
642;0.03
643;0.011
644;0.0
645;0.002
646;0.0
647;0.001
648;0.008
649;0.0
650;0.0
651;0.0
652;0.0
653;0.0
654;0.023
655;0.0
656;0.0
657;0.0
658;0.0
659;0.0
660;0.005
661;0.035
662;0.038
663;0.002
664;0.046
665;0.026
666;0.122
667;0.024
668;0.054
669;0.016
670;0.004
671;0.018
672;0.002
673;0.021
674;0.024
675;0.061
676;0.013
677;0.028
678;0.0
