;0
0;0.02
1;0.093
2;0.031
3;0.017
4;0.006
5;0.004
6;0.0
7;0.005
8;0.011
9;0.011
10;0.002
11;0.001
12;0.001
13;0.008
14;0.019
15;0.022
16;0.015
17;0.01
18;0.0
19;0.0
20;0.0
21;0.0
22;0.0
23;0.0
24;0.001
25;0.0
26;0.007
27;0.0
28;0.0
29;0.0
30;0.0
31;0.0
32;0.017
33;0.0
34;0.008
35;0.0
36;0.045
37;0.037
38;0.034
39;0.023
40;0.009
41;0.046
42;0.012
43;0.001
44;0.006
45;0.0
46;0.0
47;0.0
48;0.002
49;0.022
50;0.001
51;0.0
52;0.001
53;0.016
54;0.112
55;0.062
56;0.018
57;0.012
58;0.057
59;0.0
60;0.0
61;0.066
62;0.029
63;0.0
64;0.0
65;0.0
66;0.001
67;0.002
68;0.004
69;0.003
70;0.0
71;0.003
72;0.002
73;0.001
74;0.02
75;0.0
76;0.0
77;0.0
78;0.0
79;0.0
80;0.0
81;0.003
82;0.0
83;0.0
84;0.0
85;0.0
86;0.0
87;0.012
88;0.006
89;0.0
90;0.0
91;0.0
92;0.0
93;0.0
94;0.03
95;0.056
96;0.022
97;0.002
98;0.002
99;0.001
100;0.018
101;0.019
102;0.002
103;0.001
104;0.005
105;0.0
106;0.0
107;0.008
108;0.088
109;0.002
110;0.002
111;0.048
112;0.066
113;0.005
114;0.021
115;0.003
116;0.002
117;0.0
118;0.001
119;0.042
120;0.069
121;0.018
122;0.004
123;0.0
124;0.047
125;0.001
126;0.001
127;0.0
128;0.0
129;0.0
130;0.0
131;0.0
132;0.0
133;0.0
134;0.0
135;0.0
136;0.0
137;0.0
138;0.0
139;0.0
140;0.0
141;0.004
142;0.071
143;0.0
144;0.008
145;0.027
146;0.014
147;0.031
148;0.004
149;0.015
150;0.009
151;0.0
152;0.001
153;0.0
154;0.019
155;0.02
156;0.005
157;0.008
158;0.01
159;0.0
160;0.099
161;0.005
162;0.019
163;0.11
164;0.001
165;0.029
166;0.035
167;0.0
168;0.0
169;0.01
170;0.005
171;0.033
172;0.001
173;0.0
174;0.0
175;0.002
176;0.002
177;0.009
178;0.0
179;0.0
180;0.0
181;0.0
182;0.0
183;0.0
184;0.0
185;0.003
186;0.0
187;0.0
188;0.017
189;0.0
190;0.0
191;0.025
192;0.0
193;0.004
194;0.0
195;0.0
196;0.001
197;0.015
198;0.013
199;0.023
200;0.022
201;0.0
202;0.045
203;0.002
204;0.007
205;0.008
206;0.002
207;0.0
208;0.001
209;0.008
210;0.015
211;0.003
212;0.013
213;0.003
214;0.005
215;0.003
216;0.004
217;0.038
218;0.03
219;0.003
220;0.0
221;0.017
222;0.0
223;0.0
224;0.019
225;0.011
226;0.002
227;0.0
228;0.0
229;0.0
230;0.0
231;0.0
232;0.0
233;0.0
234;0.0
235;0.002
236;0.0
237;0.0
238;0.0
239;0.0
240;0.0
241;0.005
242;0.02
243;0.053
244;0.013
245;0.026
246;0.015
247;0.0
248;0.008
249;0.001
250;0.0
251;0.0
252;0.011
253;0.008
254;0.014
255;0.012
256;0.072
257;0.0
258;0.0
259;0.021
260;0.042
261;0.002
262;0.013
263;0.006
264;0.013
265;0.06
266;0.002
267;0.0
268;0.002
269;0.018
270;0.031
271;0.001
272;0.002
273;0.002
274;0.002
275;0.001
276;0.008
277;0.007
278;0.002
279;0.001
280;0.006
281;0.014
282;0.01
283;0.0
284;0.038
285;0.0
286;0.0
287;0.0
288;0.0
289;0.0
290;0.0
291;0.0
292;0.0
293;0.0
294;0.0
295;0.001
296;0.0
297;0.0
298;0.0
299;0.004
300;0.016
301;0.0
302;0.0
303;0.053
304;0.0
305;0.078
306;0.001
307;0.0
308;0.005
309;0.022
310;0.005
311;0.007
312;0.012
313;0.002
314;0.0
315;0.002
316;0.027
317;0.023
318;0.01
319;0.084
320;0.054
321;0.014
322;0.024
323;0.021
324;0.01
325;0.01
326;0.0
327;0.0
328;0.0
329;0.002
330;0.0
331;0.001
332;0.029
333;0.0
334;0.0
335;0.042
336;0.0
337;0.0
338;0.0
339;0.0
340;0.0
341;0.0
342;0.012
343;0.0
344;0.033
345;0.002
346;0.001
347;0.0
348;0.046
349;0.0
350;0.0
351;0.003
352;0.065
353;0.009
354;0.025
355;0.0
356;0.242
357;0.0
358;0.0
359;0.009
360;0.008
361;0.0
362;0.0
363;0.014
364;0.002
365;0.006
366;0.0
367;0.014
368;0.0
369;0.0
370;0.002
371;0.003
372;0.028
373;0.0
374;0.009
375;0.032
376;0.005
377;0.0
378;0.0
379;0.003
380;0.0
381;0.001
382;0.017
383;0.001
384;0.001
385;0.001
386;0.002
387;0.0
388;0.003
389;0.0
390;0.0
391;0.0
392;0.0
393;0.0
394;0.0
395;0.0
396;0.0
397;0.0
398;0.0
399;0.0
400;0.015
401;0.064
402;0.014
403;0.029
404;0.0
405;0.001
406;0.002
407;0.009
408;0.003
409;0.0
410;0.008
411;0.069
412;0.003
413;0.099
414;0.007
415;0.042
416;0.0
417;0.0
418;0.011
419;0.021
420;0.062
421;0.013
422;0.008
423;0.023
424;0.0
425;0.005
426;0.008
427;0.003
428;0.0
429;0.005
430;0.01
431;0.0
432;0.028
433;0.001
434;0.0
435;0.0
436;0.002
437;0.0
438;0.0
439;0.002
440;0.0
441;0.0
442;0.0
443;0.0
444;0.0
445;0.0
446;0.0
447;0.0
448;0.0
449;0.0
450;0.0
451;0.0
452;0.0
453;0.034
454;0.0
455;0.048
456;0.073
457;0.021
458;0.0
459;0.001
460;0.0
461;0.008
462;0.031
463;0.0
464;0.0
465;0.008
466;0.0
467;0.0
468;0.004
469;0.006
470;0.027
471;0.005
472;0.001
473;0.0
474;0.008
475;0.026
476;0.002
477;0.013
478;0.011
479;0.001
480;0.003
481;0.032
482;0.0
483;0.0
484;0.019
485;0.0
486;0.0
487;0.003
488;0.003
489;0.002
490;0.0
491;0.0
492;0.0
493;0.007
494;0.013
495;0.0
496;0.0
497;0.0
498;0.0
499;0.0
500;0.033
501;0.006
502;0.004
503;0.01
504;0.0
505;0.0
506;0.014
507;0.012
508;0.086
509;0.044
510;0.122
511;0.082
512;0.022
513;0.023
514;0.024
515;0.015
516;0.003
517;0.005
518;0.0
519;0.002
520;0.001
521;0.002
522;0.005
523;0.0
524;0.003
525;0.01
526;0.06
527;0.001
528;0.007
529;0.009
530;0.0
531;0.002
532;0.001
533;0.003
534;0.002
535;0.019
536;0.017
537;0.002
538;0.0
539;0.0
540;0.009
541;0.015
542;0.008
543;0.006
544;0.0
545;0.0
546;0.0
547;0.0
548;0.0
549;0.007
550;0.0
551;0.0
552;0.0
553;0.0
554;0.0
555;0.0
556;0.009
557;0.06
558;0.0
559;0.006
560;0.0
561;0.083
562;0.013
563;0.0
564;0.131
565;0.044
566;0.047
567;0.028
568;0.033
569;0.0
570;0.001
571;0.006
572;0.001
573;0.003
574;0.001
575;0.002
576;0.011
577;0.0
578;0.003
579;0.0
580;0.0
581;0.0
582;0.004
583;0.007
584;0.0
585;0.104
586;0.028
587;0.007
588;0.001
589;0.001
590;0.001
591;0.0
592;0.0
593;0.001
594;0.0
595;0.0
596;0.01
597;0.0
598;0.0
599;0.0
600;0.0
601;0.001
602;0.013
603;0.0
604;0.0
605;0.0
606;0.0
607;0.0
608;0.0
609;0.001
610;0.11
611;0.034
612;0.008
613;0.001
614;0.007
615;0.015
616;0.006
617;0.0
618;0.0
619;0.027
620;0.129
621;0.025
622;0.019
623;0.003
624;0.037
625;0.009
626;0.008
627;0.002
628;0.004
629;0.012
630;0.001
631;0.003
632;0.011
633;0.001
634;0.001
635;0.0
636;0.002
637;0.05
638;0.0
639;0.0
640;0.0
641;0.009
642;0.012
643;0.0
644;0.0
645;0.0
646;0.0
647;0.002
648;0.0
649;0.0
650;0.0
651;0.0
652;0.0
653;0.0
654;0.0
655;0.0
656;0.0
657;0.0
658;0.0
659;0.0
660;0.0
661;0.028
662;0.007
663;0.001
664;0.018
665;0.039
666;0.009
667;0.045
668;0.353
669;0.082
670;0.003
671;0.058
672;0.002
673;0.022
674;0.012
675;0.004
676;0.004
677;0.002
678;0.0
