;0
0;0.019
1;0.06
2;0.039
3;0.044
4;0.071
5;0.031
6;0.024
7;0.013
8;0.003
9;0.029
10;0.001
11;0.027
12;0.008
13;0.001
14;0.029
15;0.077
16;0.002
17;0.002
18;0.0
19;0.02
20;0.0
21;0.005
22;0.0
23;0.0
24;0.0
25;0.0
26;0.0
27;0.0
28;0.0
29;0.0
30;0.0
31;0.0
32;0.0
33;0.0
34;0.0
35;0.006
36;0.033
37;0.042
38;0.017
39;0.067
40;0.012
41;0.027
42;0.028
43;0.002
44;0.042
45;0.0
46;0.001
47;0.019
48;0.027
49;0.042
50;0.017
51;0.031
52;0.001
53;0.059
54;0.068
55;0.01
56;0.036
57;0.026
58;0.036
59;0.002
60;0.0
61;0.039
62;0.019
63;0.0
64;0.0
65;0.001
66;0.008
67;0.024
68;0.01
69;0.0
70;0.0
71;0.002
72;0.0
73;0.001
74;0.0
75;0.0
76;0.001
77;0.0
78;0.0
79;0.0
80;0.0
81;0.0
82;0.0
83;0.0
84;0.0
85;0.0
86;0.0
87;0.006
88;0.011
89;0.031
90;0.046
91;0.0
92;0.032
93;0.0
94;0.034
95;0.018
96;0.008
97;0.008
98;0.005
99;0.006
100;0.007
101;0.003
102;0.008
103;0.025
104;0.006
105;0.004
106;0.001
107;0.031
108;0.091
109;0.001
110;0.0
111;0.048
112;0.038
113;0.022
114;0.012
115;0.002
116;0.0
117;0.001
118;0.0
119;0.003
120;0.039
121;0.008
122;0.0
123;0.0
124;0.014
125;0.001
126;0.0
127;0.0
128;0.0
129;0.0
130;0.0
131;0.0
132;0.001
133;0.0
134;0.002
135;0.0
136;0.0
137;0.0
138;0.0
139;0.0
140;0.0
141;0.012
142;0.006
143;0.002
144;0.037
145;0.001
146;0.071
147;0.014
148;0.005
149;0.0
150;0.009
151;0.004
152;0.032
153;0.001
154;0.041
155;0.01
156;0.034
157;0.007
158;0.014
159;0.009
160;0.007
161;0.034
162;0.04
163;0.021
164;0.001
165;0.016
166;0.01
167;0.0
168;0.015
169;0.0
170;0.011
171;0.036
172;0.006
173;0.0
174;0.0
175;0.0
176;0.017
177;0.001
178;0.0
179;0.0
180;0.0
181;0.0
182;0.0
183;0.0
184;0.0
185;0.019
186;0.0
187;0.0
188;0.0
189;0.0
190;0.0
191;0.008
192;0.0
193;0.069
194;0.0
195;0.001
196;0.0
197;0.049
198;0.047
199;0.026
200;0.004
201;0.001
202;0.05
203;0.001
204;0.042
205;0.012
206;0.016
207;0.002
208;0.001
209;0.0
210;0.01
211;0.066
212;0.05
213;0.016
214;0.048
215;0.013
216;0.031
217;0.053
218;0.03
219;0.025
220;0.015
221;0.013
222;0.018
223;0.0
224;0.006
225;0.003
226;0.002
227;0.001
228;0.011
229;0.0
230;0.0
231;0.0
232;0.0
233;0.0
234;0.001
235;0.0
236;0.0
237;0.0
238;0.0
239;0.0
240;0.003
241;0.017
242;0.001
243;0.057
244;0.001
245;0.024
246;0.0
247;0.001
248;0.014
249;0.005
250;0.0
251;0.001
252;0.02
253;0.028
254;0.034
255;0.035
256;0.028
257;0.022
258;0.0
259;0.004
260;0.047
261;0.017
262;0.01
263;0.015
264;0.042
265;0.035
266;0.015
267;0.0
268;0.001
269;0.05
270;0.075
271;0.001
272;0.027
273;0.017
274;0.03
275;0.0
276;0.026
277;0.016
278;0.019
279;0.001
280;0.009
281;0.005
282;0.002
283;0.0
284;0.0
285;0.0
286;0.002
287;0.0
288;0.0
289;0.0
290;0.001
291;0.0
292;0.0
293;0.0
294;0.0
295;0.002
296;0.0
297;0.0
298;0.001
299;0.0
300;0.026
301;0.0
302;0.001
303;0.014
304;0.018
305;0.073
306;0.002
307;0.0
308;0.008
309;0.019
310;0.025
311;0.001
312;0.04
313;0.002
314;0.0
315;0.02
316;0.083
317;0.042
318;0.052
319;0.073
320;0.09
321;0.001
322;0.028
323;0.017
324;0.007
325;0.016
326;0.001
327;0.0
328;0.0
329;0.002
330;0.0
331;0.0
332;0.0
333;0.004
334;0.0
335;0.0
336;0.001
337;0.0
338;0.0
339;0.0
340;0.0
341;0.0
342;0.0
343;0.0
344;0.008
345;0.003
346;0.0
347;0.0
348;0.049
349;0.001
350;0.005
351;0.01
352;0.016
353;0.047
354;0.054
355;0.002
356;0.027
357;0.001
358;0.001
359;0.022
360;0.034
361;0.001
362;0.001
363;0.001
364;0.001
365;0.007
366;0.001
367;0.029
368;0.005
369;0.001
370;0.009
371;0.019
372;0.007
373;0.023
374;0.011
375;0.045
376;0.012
377;0.006
378;0.0
379;0.016
380;0.0
381;0.0
382;0.028
383;0.012
384;0.01
385;0.003
386;0.005
387;0.007
388;0.0
389;0.008
390;0.008
391;0.0
392;0.0
393;0.0
394;0.0
395;0.0
396;0.0
397;0.0
398;0.0
399;0.0
400;0.0
401;0.001
402;0.008
403;0.003
404;0.013
405;0.022
406;0.0
407;0.011
408;0.007
409;0.01
410;0.016
411;0.027
412;0.043
413;0.008
414;0.007
415;0.007
416;0.0
417;0.005
418;0.019
419;0.071
420;0.06
421;0.055
422;0.061
423;0.019
424;0.0
425;0.0
426;0.0
427;0.0
428;0.0
429;0.0
430;0.029
431;0.001
432;0.001
433;0.0
434;0.0
435;0.0
436;0.0
437;0.0
438;0.0
439;0.0
440;0.0
441;0.0
442;0.0
443;0.0
444;0.0
445;0.0
446;0.0
447;0.0
448;0.0
449;0.0
450;0.0
451;0.0
452;0.0
453;0.019
454;0.001
455;0.0
456;0.0
457;0.0
458;0.0
459;0.0
460;0.0
461;0.0
462;0.0
463;0.0
464;0.0
465;0.0
466;0.0
467;0.0
468;0.0
469;0.0
470;0.0
471;0.0
472;0.0
473;0.0
474;0.0
475;0.0
476;0.0
477;0.0
478;0.0
479;0.0
480;0.019
481;0.04
482;0.0
483;0.013
484;0.001
485;0.006
486;0.008
487;0.01
488;0.001
489;0.004
490;0.0
491;0.0
492;0.002
493;0.027
494;0.001
495;0.0
496;0.0
497;0.0
498;0.0
499;0.0
500;0.01
501;0.004
502;0.006
503;0.013
504;0.0
505;0.0
506;0.026
507;0.052
508;0.017
509;0.006
510;0.017
511;0.059
512;0.01
513;0.075
514;0.052
515;0.004
516;0.019
517;0.0
518;0.011
519;0.01
520;0.0
521;0.005
522;0.014
523;0.01
524;0.02
525;0.043
526;0.015
527;0.001
528;0.0
529;0.008
530;0.003
531;0.002
532;0.009
533;0.019
534;0.003
535;0.017
536;0.024
537;0.001
538;0.0
539;0.007
540;0.017
541;0.004
542;0.029
543;0.001
544;0.0
545;0.0
546;0.0
547;0.0
548;0.0
549;0.003
550;0.0
551;0.0
552;0.0
553;0.0
554;0.0
555;0.0
556;0.032
557;0.007
558;0.0
559;0.002
560;0.0
561;0.011
562;0.001
563;0.0
564;0.024
565;0.022
566;0.057
567;0.007
568;0.041
569;0.001
570;0.01
571;0.025
572;0.01
573;0.002
574;0.0
575;0.0
576;0.0
577;0.0
578;0.002
579;0.001
580;0.0
581;0.0
582;0.007
583;0.017
584;0.0
585;0.057
586;0.016
587;0.005
588;0.0
589;0.013
590;0.003
591;0.0
592;0.0
593;0.005
594;0.0
595;0.0
596;0.028
597;0.0
598;0.0
599;0.0
600;0.0
601;0.0
602;0.0
603;0.0
604;0.0
605;0.002
606;0.0
607;0.0
608;0.0
609;0.002
610;0.011
611;0.005
612;0.006
613;0.0
614;0.011
615;0.001
616;0.019
617;0.0
618;0.0
619;0.005
620;0.01
621;0.062
622;0.072
623;0.033
624;0.006
625;0.033
626;0.002
627;0.02
628;0.007
629;0.021
630;0.01
631;0.018
632;0.007
633;0.0
634;0.0
635;0.006
636;0.014
637;0.063
638;0.0
639;0.002
640;0.0
641;0.012
642;0.007
643;0.003
644;0.0
645;0.0
646;0.0
647;0.009
648;0.001
649;0.0
650;0.0
651;0.0
652;0.0
653;0.0
654;0.004
655;0.0
656;0.0
657;0.0
658;0.0
659;0.0
660;0.0
661;0.031
662;0.01
663;0.0
664;0.0
665;0.03
666;0.019
667;0.007
668;0.058
669;0.047
670;0.082
671;0.064
672;0.019
673;0.054
674;0.036
675;0.065
676;0.0
677;0.009
678;0.001
