;0
0;0.014
1;0.06
2;0.12
3;0.157
4;0.048
5;0.06
6;0.076
7;0.003
8;0.029
9;0.046
10;0.002
11;0.056
12;0.014
13;0.005
14;0.015
15;0.02
16;0.03
17;0.022
18;0.0
19;0.002
20;0.0
21;0.024
22;0.0
23;0.0
24;0.115
25;0.001
26;0.0
27;0.0
28;0.0
29;0.0
30;0.007
31;0.001
32;0.0
33;0.0
34;0.0
35;0.008
36;0.016
37;0.026
38;0.016
39;0.071
40;0.01
41;0.046
42;0.122
43;0.043
44;0.078
45;0.021
46;0.0
47;0.047
48;0.034
49;0.039
50;0.059
51;0.029
52;0.017
53;0.042
54;0.014
55;0.071
56;0.054
57;0.057
58;0.08
59;0.013
60;0.001
61;0.134
62;0.023
63;0.0
64;0.0
65;0.0
66;0.012
67;0.008
68;0.001
69;0.001
70;0.0
71;0.001
72;0.014
73;0.005
74;0.0
75;0.0
76;0.016
77;0.001
78;0.0
79;0.0
80;0.0
81;0.027
82;0.0
83;0.0
84;0.0
85;0.0
86;0.001
87;0.038
88;0.072
89;0.028
90;0.047
91;0.0
92;0.042
93;0.148
94;0.053
95;0.04
96;0.004
97;0.018
98;0.027
99;0.014
100;0.02
101;0.042
102;0.021
103;0.016
104;0.013
105;0.022
106;0.001
107;0.031
108;0.061
109;0.001
110;0.002
111;0.03
112;0.099
113;0.024
114;0.008
115;0.008
116;0.001
117;0.01
118;0.001
119;0.06
120;0.021
121;0.011
122;0.009
123;0.005
124;0.01
125;0.0
126;0.007
127;0.017
128;0.0
129;0.0
130;0.0
131;0.0
132;0.001
133;0.008
134;0.002
135;0.0
136;0.0
137;0.0
138;0.0
139;0.0
140;0.0
141;0.02
142;0.015
143;0.0
144;0.038
145;0.018
146;0.015
147;0.0
148;0.036
149;0.018
150;0.014
151;0.0
152;0.026
153;0.006
154;0.055
155;0.009
156;0.027
157;0.019
158;0.012
159;0.007
160;0.008
161;0.031
162;0.047
163;0.022
164;0.01
165;0.024
166;0.005
167;0.0
168;0.001
169;0.0
170;0.022
171;0.041
172;0.007
173;0.0
174;0.002
175;0.0
176;0.012
177;0.001
178;0.0
179;0.0
180;0.0
181;0.0
182;0.0
183;0.001
184;0.0
185;0.008
186;0.0
187;0.0
188;0.004
189;0.001
190;0.005
191;0.05
192;0.003
193;0.061
194;0.0
195;0.003
196;0.007
197;0.01
198;0.0
199;0.067
200;0.015
201;0.0
202;0.041
203;0.003
204;0.057
205;0.071
206;0.043
207;0.011
208;0.002
209;0.004
210;0.072
211;0.029
212;0.018
213;0.012
214;0.066
215;0.03
216;0.033
217;0.036
218;0.01
219;0.048
220;0.032
221;0.039
222;0.0
223;0.0
224;0.016
225;0.0
226;0.006
227;0.001
228;0.001
229;0.004
230;0.017
231;0.009
232;0.0
233;0.0
234;0.05
235;0.001
236;0.002
237;0.001
238;0.001
239;0.0
240;0.041
241;0.014
242;0.001
243;0.008
244;0.002
245;0.065
246;0.001
247;0.019
248;0.03
249;0.024
250;0.0
251;0.001
252;0.066
253;0.02
254;0.035
255;0.059
256;0.063
257;0.007
258;0.023
259;0.0
260;0.096
261;0.026
262;0.011
263;0.015
264;0.065
265;0.035
266;0.02
267;0.007
268;0.018
269;0.066
270;0.01
271;0.001
272;0.02
273;0.016
274;0.014
275;0.014
276;0.013
277;0.021
278;0.016
279;0.001
280;0.012
281;0.009
282;0.014
283;0.0
284;0.001
285;0.001
286;0.0
287;0.0
288;0.013
289;0.018
290;0.004
291;0.005
292;0.0
293;0.0
294;0.0
295;0.029
296;0.028
297;0.001
298;0.002
299;0.007
300;0.012
301;0.0
302;0.007
303;0.027
304;0.017
305;0.037
306;0.03
307;0.001
308;0.001
309;0.031
310;0.018
311;0.012
312;0.076
313;0.009
314;0.008
315;0.002
316;0.079
317;0.042
318;0.05
319;0.003
320;0.054
321;0.017
322;0.032
323;0.042
324;0.005
325;0.019
326;0.016
327;0.0
328;0.002
329;0.0
330;0.001
331;0.0
332;0.003
333;0.016
334;0.029
335;0.002
336;0.034
337;0.015
338;0.0
339;0.0
340;0.001
341;0.0
342;0.002
343;0.032
344;0.025
345;0.004
346;0.008
347;0.001
348;0.048
349;0.013
350;0.027
351;0.054
352;0.007
353;0.056
354;0.064
355;0.033
356;0.209
357;0.001
358;0.001
359;0.114
360;0.048
361;0.001
362;0.011
363;0.026
364;0.001
365;0.044
366;0.02
367;0.064
368;0.023
369;0.0
370;0.007
371;0.025
372;0.022
373;0.016
374;0.071
375;0.047
376;0.014
377;0.01
378;0.0
379;0.023
380;0.0
381;0.003
382;0.048
383;0.001
384;0.009
385;0.052
386;0.001
387;0.001
388;0.0
389;0.004
390;0.0
391;0.0
392;0.0
393;0.007
394;0.035
395;0.001
396;0.02
397;0.001
398;0.015
399;0.001
400;0.073
401;0.046
402;0.012
403;0.002
404;0.002
405;0.041
406;0.001
407;0.012
408;0.019
409;0.022
410;0.026
411;0.017
412;0.068
413;0.006
414;0.036
415;0.02
416;0.002
417;0.027
418;0.019
419;0.024
420;0.067
421;0.002
422;0.006
423;0.022
424;0.005
425;0.012
426;0.017
427;0.0
428;0.0
429;0.008
430;0.021
431;0.0
432;0.0
433;0.001
434;0.0
435;0.0
436;0.006
437;0.003
438;0.0
439;0.001
440;0.0
441;0.019
442;0.0
443;0.0
444;0.0
445;0.021
446;0.001
447;0.0
448;0.0
449;0.0
450;0.0
451;0.0
452;0.004
453;0.046
454;0.012
455;0.025
456;0.001
457;0.01
458;0.001
459;0.023
460;0.004
461;0.026
462;0.033
463;0.042
464;0.013
465;0.043
466;0.015
467;0.033
468;0.003
469;0.074
470;0.026
471;0.016
472;0.012
473;0.0
474;0.012
475;0.1
476;0.009
477;0.073
478;0.008
479;0.016
480;0.031
481;0.102
482;0.0
483;0.0
484;0.004
485;0.0
486;0.0
487;0.022
488;0.006
489;0.008
490;0.002
491;0.0
492;0.003
493;0.086
494;0.032
495;0.0
496;0.0
497;0.0
498;0.0
499;0.0
500;0.0
501;0.002
502;0.005
503;0.095
504;0.0
505;0.001
506;0.014
507;0.005
508;0.019
509;0.041
510;0.028
511;0.039
512;0.041
513;0.026
514;0.003
515;0.039
516;0.074
517;0.025
518;0.016
519;0.036
520;0.006
521;0.067
522;0.033
523;0.051
524;0.021
525;0.039
526;0.042
527;0.001
528;0.006
529;0.006
530;0.006
531;0.003
532;0.018
533;0.005
534;0.003
535;0.036
536;0.04
537;0.002
538;0.0
539;0.018
540;0.01
541;0.021
542;0.001
543;0.008
544;0.0
545;0.0
546;0.001
547;0.0
548;0.0
549;0.009
550;0.0
551;0.0
552;0.0
553;0.0
554;0.0
555;0.001
556;0.028
557;0.001
558;0.0
559;0.003
560;0.001
561;0.08
562;0.003
563;0.001
564;0.037
565;0.052
566;0.029
567;0.02
568;0.095
569;0.001
570;0.019
571;0.025
572;0.022
573;0.005
574;0.001
575;0.0
576;0.001
577;0.007
578;0.002
579;0.0
580;0.001
581;0.0
582;0.012
583;0.075
584;0.0
585;0.023
586;0.038
587;0.001
588;0.001
589;0.009
590;0.001
591;0.0
592;0.0
593;0.009
594;0.018
595;0.001
596;0.028
597;0.0
598;0.0
599;0.0
600;0.035
601;0.003
602;0.012
603;0.001
604;0.002
605;0.099
606;0.0
607;0.0
608;0.002
609;0.0
610;0.004
611;0.013
612;0.026
613;0.004
614;0.069
615;0.002
616;0.054
617;0.0
618;0.001
619;0.008
620;0.042
621;0.037
622;0.078
623;0.027
624;0.02
625;0.052
626;0.023
627;0.018
628;0.048
629;0.027
630;0.042
631;0.019
632;0.022
633;0.001
634;0.0
635;0.015
636;0.025
637;0.065
638;0.006
639;0.002
640;0.003
641;0.022
642;0.027
643;0.009
644;0.0
645;0.001
646;0.0
647;0.0
648;0.002
649;0.003
650;0.0
651;0.0
652;0.0
653;0.001
654;0.031
655;0.001
656;0.0
657;0.0
658;0.0
659;0.0
660;0.001
661;0.058
662;0.029
663;0.0
664;0.012
665;0.029
666;0.043
667;0.033
668;0.064
669;0.029
670;0.0
671;0.046
672;0.016
673;0.053
674;0.039
675;0.071
676;0.011
677;0.028
678;0.001
