;0
0;0.033
1;0.113
2;0.052
3;0.01
4;0.01
5;0.005
6;0.0
7;0.006
8;0.01
9;0.017
10;0.003
11;0.005
12;0.006
13;0.012
14;0.048
15;0.057
16;0.003
17;0.003
18;0.0
19;0.001
20;0.0
21;0.0
22;0.0
23;0.0
24;0.001
25;0.005
26;0.0
27;0.0
28;0.0
29;0.0
30;0.0
31;0.0
32;0.008
33;0.0
34;0.019
35;0.0
36;0.026
37;0.083
38;0.027
39;0.035
40;0.009
41;0.023
42;0.022
43;0.002
44;0.015
45;0.001
46;0.0
47;0.001
48;0.006
49;0.02
50;0.002
51;0.0
52;0.001
53;0.024
54;0.09
55;0.01
56;0.001
57;0.015
58;0.029
59;0.0
60;0.0
61;0.06
62;0.036
63;0.0
64;0.0
65;0.0
66;0.001
67;0.003
68;0.005
69;0.001
70;0.0
71;0.002
72;0.006
73;0.0
74;0.011
75;0.0
76;0.0
77;0.0
78;0.013
79;0.0
80;0.001
81;0.022
82;0.0
83;0.0
84;0.0
85;0.0
86;0.0
87;0.013
88;0.005
89;0.026
90;0.025
91;0.0
92;0.028
93;0.024
94;0.03
95;0.029
96;0.008
97;0.004
98;0.003
99;0.001
100;0.01
101;0.009
102;0.001
103;0.006
104;0.005
105;0.0
106;0.0
107;0.011
108;0.158
109;0.001
110;0.003
111;0.058
112;0.048
113;0.012
114;0.013
115;0.016
116;0.008
117;0.002
118;0.0
119;0.034
120;0.05
121;0.024
122;0.0
123;0.0
124;0.042
125;0.006
126;0.0
127;0.004
128;0.0
129;0.0
130;0.0
131;0.0
132;0.0
133;0.0
134;0.0
135;0.0
136;0.0
137;0.0
138;0.0
139;0.0
140;0.0
141;0.009
142;0.018
143;0.009
144;0.013
145;0.01
146;0.016
147;0.024
148;0.008
149;0.004
150;0.006
151;0.006
152;0.005
153;0.0
154;0.016
155;0.03
156;0.007
157;0.011
158;0.004
159;0.0
160;0.078
161;0.006
162;0.02
163;0.11
164;0.001
165;0.025
166;0.042
167;0.0
168;0.0
169;0.013
170;0.005
171;0.038
172;0.001
173;0.0
174;0.0
175;0.001
176;0.003
177;0.003
178;0.0
179;0.0
180;0.0
181;0.0
182;0.0
183;0.0
184;0.0
185;0.007
186;0.0
187;0.0
188;0.018
189;0.0
190;0.0
191;0.033
192;0.001
193;0.014
194;0.0
195;0.0
196;0.0
197;0.024
198;0.021
199;0.03
200;0.011
201;0.002
202;0.049
203;0.001
204;0.007
205;0.007
206;0.001
207;0.0
208;0.002
209;0.002
210;0.03
211;0.007
212;0.021
213;0.006
214;0.011
215;0.004
216;0.013
217;0.031
218;0.033
219;0.008
220;0.001
221;0.02
222;0.0
223;0.0
224;0.02
225;0.007
226;0.013
227;0.0
228;0.0
229;0.0
230;0.0
231;0.0
232;0.0
233;0.0
234;0.0
235;0.037
236;0.0
237;0.002
238;0.0
239;0.0
240;0.0
241;0.0
242;0.0
243;0.001
244;0.027
245;0.02
246;0.01
247;0.0
248;0.011
249;0.0
250;0.0
251;0.001
252;0.018
253;0.008
254;0.013
255;0.016
256;0.079
257;0.0
258;0.0
259;0.049
260;0.037
261;0.002
262;0.023
263;0.006
264;0.02
265;0.102
266;0.004
267;0.0
268;0.001
269;0.035
270;0.013
271;0.001
272;0.006
273;0.004
274;0.005
275;0.003
276;0.004
277;0.008
278;0.003
279;0.0
280;0.002
281;0.012
282;0.007
283;0.0
284;0.003
285;0.0
286;0.0
287;0.0
288;0.0
289;0.0
290;0.0
291;0.0
292;0.0
293;0.0
294;0.0
295;0.0
296;0.0
297;0.0
298;0.0
299;0.0
300;0.001
301;0.0
302;0.0
303;0.0
304;0.003
305;0.042
306;0.0
307;0.0
308;0.0
309;0.0
310;0.001
311;0.0
312;0.011
313;0.002
314;0.0
315;0.009
316;0.046
317;0.024
318;0.007
319;0.164
320;0.065
321;0.01
322;0.025
323;0.018
324;0.017
325;0.011
326;0.0
327;0.0
328;0.0
329;0.001
330;0.0
331;0.0
332;0.031
333;0.0
334;0.0
335;0.009
336;0.0
337;0.0
338;0.0
339;0.0
340;0.0
341;0.0
342;0.043
343;0.0
344;0.021
345;0.003
346;0.0
347;0.0
348;0.081
349;0.003
350;0.0
351;0.0
352;0.007
353;0.014
354;0.005
355;0.003
356;0.097
357;0.001
358;0.001
359;0.018
360;0.01
361;0.001
362;0.001
363;0.012
364;0.003
365;0.004
366;0.0
367;0.015
368;0.001
369;0.001
370;0.003
371;0.005
372;0.018
373;0.001
374;0.001
375;0.03
376;0.005
377;0.0
378;0.0
379;0.002
380;0.0
381;0.0
382;0.016
383;0.001
384;0.001
385;0.001
386;0.005
387;0.0
388;0.006
389;0.002
390;0.001
391;0.0
392;0.0
393;0.0
394;0.0
395;0.0
396;0.003
397;0.009
398;0.005
399;0.0
400;0.015
401;0.067
402;0.004
403;0.057
404;0.001
405;0.001
406;0.0
407;0.006
408;0.003
409;0.003
410;0.013
411;0.024
412;0.0
413;0.056
414;0.002
415;0.029
416;0.0
417;0.0
418;0.014
419;0.029
420;0.103
421;0.007
422;0.017
423;0.022
424;0.0
425;0.007
426;0.011
427;0.004
428;0.0
429;0.001
430;0.017
431;0.0
432;0.005
433;0.003
434;0.0
435;0.0
436;0.001
437;0.0
438;0.0
439;0.0
440;0.0
441;0.0
442;0.0
443;0.0
444;0.0
445;0.001
446;0.0
447;0.0
448;0.0
449;0.0
450;0.021
451;0.0
452;0.0
453;0.036
454;0.0
455;0.043
456;0.04
457;0.01
458;0.0
459;0.002
460;0.004
461;0.015
462;0.033
463;0.001
464;0.005
465;0.009
466;0.001
467;0.002
468;0.01
469;0.006
470;0.021
471;0.006
472;0.001
473;0.0
474;0.013
475;0.031
476;0.005
477;0.027
478;0.012
479;0.002
480;0.008
481;0.026
482;0.0
483;0.001
484;0.007
485;0.005
486;0.005
487;0.007
488;0.004
489;0.001
490;0.0
491;0.0
492;0.0
493;0.004
494;0.06
495;0.0
496;0.007
497;0.0
498;0.0
499;0.0
500;0.021
501;0.007
502;0.024
503;0.026
504;0.0
505;0.002
506;0.035
507;0.028
508;0.071
509;0.016
510;0.094
511;0.266
512;0.031
513;0.026
514;0.008
515;0.003
516;0.004
517;0.005
518;0.002
519;0.001
520;0.0
521;0.003
522;0.007
523;0.0
524;0.013
525;0.016
526;0.072
527;0.0
528;0.007
529;0.011
530;0.0
531;0.003
532;0.003
533;0.009
534;0.0
535;0.024
536;0.02
537;0.003
538;0.0
539;0.001
540;0.005
541;0.019
542;0.014
543;0.014
544;0.0
545;0.0
546;0.0
547;0.0
548;0.0
549;0.008
550;0.0
551;0.0
552;0.0
553;0.0
554;0.0
555;0.001
556;0.016
557;0.03
558;0.001
559;0.036
560;0.0
561;0.048
562;0.015
563;0.001
564;0.103
565;0.041
566;0.082
567;0.029
568;0.029
569;0.001
570;0.001
571;0.006
572;0.0
573;0.002
574;0.001
575;0.002
576;0.014
577;0.001
578;0.004
579;0.0
580;0.0
581;0.0
582;0.008
583;0.005
584;0.007
585;0.112
586;0.016
587;0.003
588;0.0
589;0.001
590;0.014
591;0.0
592;0.0
593;0.0
594;0.001
595;0.003
596;0.008
597;0.0
598;0.001
599;0.0
600;0.001
601;0.029
602;0.011
603;0.0
604;0.0
605;0.003
606;0.0
607;0.0
608;0.0
609;0.001
610;0.011
611;0.007
612;0.006
613;0.0
614;0.01
615;0.018
616;0.018
617;0.0
618;0.0
619;0.036
620;0.146
621;0.016
622;0.043
623;0.005
624;0.031
625;0.002
626;0.007
627;0.003
628;0.003
629;0.01
630;0.001
631;0.002
632;0.01
633;0.0
634;0.0
635;0.002
636;0.002
637;0.037
638;0.0
639;0.0
640;0.0
641;0.005
642;0.006
643;0.0
644;0.0
645;0.0
646;0.0
647;0.001
648;0.001
649;0.019
650;0.0
651;0.0
652;0.0
653;0.0
654;0.0
655;0.0
656;0.0
657;0.0
658;0.0
659;0.0
660;0.0
661;0.003
662;0.011
663;0.002
664;0.001
665;0.078
666;0.009
667;0.005
668;0.241
669;0.074
670;0.004
671;0.035
672;0.0
673;0.0
674;0.0
675;0.0
676;0.0
677;0.0
678;0.0
