;0
0;0.027
1;0.115
2;0.077
3;0.048
4;0.012
5;0.007
6;0.012
7;0.024
8;0.009
9;0.03
10;0.004
11;0.009
12;0.002
13;0.007
14;0.055
15;0.014
16;0.002
17;0.006
18;0.0
19;0.008
20;0.0
21;0.0
22;0.0
23;0.0
24;0.0
25;0.003
26;0.0
27;0.0
28;0.0
29;0.0
30;0.0
31;0.0
32;0.0
33;0.013
34;0.0
35;0.001
36;0.007
37;0.052
38;0.032
39;0.049
40;0.001
41;0.023
42;0.005
43;0.001
44;0.016
45;0.0
46;0.0
47;0.0
48;0.012
49;0.024
50;0.015
51;0.0
52;0.004
53;0.047
54;0.097
55;0.033
56;0.013
57;0.029
58;0.057
59;0.0
60;0.0
61;0.097
62;0.047
63;0.0
64;0.0
65;0.0
66;0.002
67;0.001
68;0.002
69;0.026
70;0.0
71;0.001
72;0.001
73;0.0
74;0.0
75;0.0
76;0.001
77;0.0
78;0.0
79;0.0
80;0.0
81;0.0
82;0.0
83;0.0
84;0.0
85;0.0
86;0.0
87;0.026
88;0.005
89;0.001
90;0.034
91;0.0
92;0.085
93;0.035
94;0.066
95;0.003
96;0.008
97;0.002
98;0.004
99;0.003
100;0.023
101;0.001
102;0.001
103;0.002
104;0.006
105;0.001
106;0.0
107;0.035
108;0.19
109;0.005
110;0.003
111;0.045
112;0.061
113;0.007
114;0.023
115;0.026
116;0.005
117;0.004
118;0.0
119;0.027
120;0.076
121;0.022
122;0.0
123;0.0
124;0.031
125;0.03
126;0.0
127;0.0
128;0.002
129;0.0
130;0.0
131;0.0
132;0.0
133;0.0
134;0.0
135;0.0
136;0.0
137;0.0
138;0.0
139;0.0
140;0.0
141;0.049
142;0.025
143;0.005
144;0.013
145;0.014
146;0.058
147;0.169
148;0.016
149;0.036
150;0.034
151;0.003
152;0.008
153;0.0
154;0.031
155;0.044
156;0.001
157;0.008
158;0.007
159;0.001
160;0.121
161;0.004
162;0.025
163;0.14
164;0.008
165;0.014
166;0.106
167;0.0
168;0.0
169;0.005
170;0.005
171;0.024
172;0.0
173;0.0
174;0.0
175;0.001
176;0.0
177;0.0
178;0.0
179;0.0
180;0.0
181;0.0
182;0.0
183;0.0
184;0.0
185;0.001
186;0.0
187;0.0
188;0.005
189;0.0
190;0.0
191;0.025
192;0.007
193;0.004
194;0.0
195;0.0
196;0.015
197;0.046
198;0.014
199;0.059
200;0.002
201;0.0
202;0.029
203;0.001
204;0.026
205;0.017
206;0.005
207;0.001
208;0.006
209;0.001
210;0.046
211;0.016
212;0.032
213;0.007
214;0.036
215;0.015
216;0.011
217;0.036
218;0.009
219;0.027
220;0.022
221;0.018
222;0.0
223;0.0
224;0.003
225;0.012
226;0.002
227;0.0
228;0.0
229;0.0
230;0.0
231;0.0
232;0.0
233;0.0
234;0.0
235;0.004
236;0.0
237;0.005
238;0.001
239;0.021
240;0.0
241;0.04
242;0.028
243;0.036
244;0.021
245;0.01
246;0.027
247;0.0
248;0.02
249;0.0
250;0.0
251;0.0
252;0.019
253;0.022
254;0.031
255;0.018
256;0.102
257;0.001
258;0.0
259;0.009
260;0.041
261;0.003
262;0.016
263;0.009
264;0.053
265;0.123
266;0.004
267;0.0
268;0.0
269;0.024
270;0.019
271;0.001
272;0.003
273;0.002
274;0.002
275;0.002
276;0.008
277;0.004
278;0.01
279;0.0
280;0.003
281;0.0
282;0.004
283;0.0
284;0.0
285;0.0
286;0.0
287;0.0
288;0.002
289;0.001
290;0.0
291;0.0
292;0.0
293;0.0
294;0.0
295;0.0
296;0.0
297;0.007
298;0.001
299;0.017
300;0.053
301;0.0
302;0.0
303;0.003
304;0.006
305;0.101
306;0.0
307;0.004
308;0.065
309;0.004
310;0.004
311;0.001
312;0.009
313;0.016
314;0.0
315;0.005
316;0.041
317;0.022
318;0.007
319;0.141
320;0.117
321;0.029
322;0.024
323;0.039
324;0.033
325;0.02
326;0.001
327;0.0
328;0.001
329;0.0
330;0.0
331;0.008
332;0.004
333;0.0
334;0.018
335;0.011
336;0.0
337;0.002
338;0.001
339;0.0
340;0.0
341;0.0
342;0.027
343;0.0
344;0.017
345;0.001
346;0.0
347;0.0
348;0.05
349;0.0
350;0.0
351;0.021
352;0.022
353;0.009
354;0.014
355;0.031
356;0.03
357;0.001
358;0.0
359;0.02
360;0.025
361;0.001
362;0.0
363;0.005
364;0.001
365;0.009
366;0.001
367;0.008
368;0.001
369;0.0
370;0.001
371;0.004
372;0.002
373;0.0
374;0.004
375;0.02
376;0.01
377;0.002
378;0.0
379;0.021
380;0.0
381;0.0
382;0.004
383;0.003
384;0.0
385;0.0
386;0.003
387;0.0
388;0.001
389;0.0
390;0.004
391;0.0
392;0.0
393;0.0
394;0.0
395;0.0
396;0.007
397;0.0
398;0.026
399;0.0
400;0.058
401;0.053
402;0.006
403;0.03
404;0.0
405;0.015
406;0.001
407;0.009
408;0.006
409;0.013
410;0.016
411;0.059
412;0.006
413;0.056
414;0.001
415;0.057
416;0.01
417;0.0
418;0.057
419;0.045
420;0.14
421;0.034
422;0.021
423;0.032
424;0.0
425;0.007
426;0.004
427;0.005
428;0.011
429;0.0
430;0.047
431;0.0
432;0.0
433;0.004
434;0.0
435;0.0
436;0.007
437;0.0
438;0.001
439;0.004
440;0.0
441;0.0
442;0.0
443;0.0
444;0.0
445;0.069
446;0.0
447;0.0
448;0.0
449;0.0
450;0.004
451;0.0
452;0.0
453;0.039
454;0.0
455;0.013
456;0.063
457;0.038
458;0.0
459;0.0
460;0.006
461;0.002
462;0.066
463;0.0
464;0.0
465;0.005
466;0.004
467;0.004
468;0.018
469;0.011
470;0.024
471;0.01
472;0.003
473;0.0
474;0.026
475;0.036
476;0.006
477;0.042
478;0.006
479;0.001
480;0.006
481;0.023
482;0.0
483;0.001
484;0.0
485;0.018
486;0.004
487;0.015
488;0.004
489;0.002
490;0.0
491;0.0
492;0.0
493;0.017
494;0.019
495;0.0
496;0.0
497;0.0
498;0.0
499;0.0
500;0.016
501;0.007
502;0.051
503;0.007
504;0.0
505;0.011
506;0.028
507;0.006
508;0.021
509;0.064
510;0.11
511;0.049
512;0.041
513;0.044
514;0.019
515;0.01
516;0.006
517;0.018
518;0.0
519;0.015
520;0.0
521;0.0
522;0.011
523;0.002
524;0.01
525;0.013
526;0.029
527;0.0
528;0.006
529;0.028
530;0.0
531;0.0
532;0.002
533;0.004
534;0.009
535;0.026
536;0.006
537;0.001
538;0.0
539;0.003
540;0.028
541;0.02
542;0.002
543;0.001
544;0.0
545;0.0
546;0.0
547;0.004
548;0.0
549;0.001
550;0.0
551;0.0
552;0.0
553;0.001
554;0.0
555;0.06
556;0.02
557;0.018
558;0.0
559;0.008
560;0.0
561;0.077
562;0.001
563;0.001
564;0.174
565;0.008
566;0.101
567;0.033
568;0.037
569;0.001
570;0.006
571;0.027
572;0.02
573;0.014
574;0.0
575;0.001
576;0.011
577;0.0
578;0.001
579;0.0
580;0.001
581;0.0
582;0.002
583;0.007
584;0.009
585;0.174
586;0.02
587;0.003
588;0.001
589;0.0
590;0.046
591;0.0
592;0.0
593;0.0
594;0.007
595;0.0
596;0.001
597;0.0
598;0.0
599;0.0
600;0.0
601;0.022
602;0.008
603;0.0
604;0.0
605;0.001
606;0.0
607;0.0
608;0.0
609;0.014
610;0.016
611;0.0
612;0.009
613;0.006
614;0.004
615;0.012
616;0.002
617;0.001
618;0.0
619;0.044
620;0.021
621;0.034
622;0.027
623;0.006
624;0.026
625;0.001
626;0.019
627;0.003
628;0.003
629;0.006
630;0.007
631;0.003
632;0.005
633;0.001
634;0.001
635;0.004
636;0.002
637;0.021
638;0.0
639;0.0
640;0.0
641;0.014
642;0.005
643;0.0
644;0.0
645;0.0
646;0.0
647;0.0
648;0.01
649;0.015
650;0.0
651;0.0
652;0.0
653;0.0
654;0.009
655;0.0
656;0.0
657;0.0
658;0.0
659;0.0
660;0.0
661;0.006
662;0.007
663;0.0
664;0.0
665;0.038
666;0.0
667;0.008
668;0.041
669;0.072
670;0.003
671;0.034
672;0.007
673;0.1
674;0.02
675;0.019
676;0.0
677;0.003
678;0.0
