;0
0;0.015
1;0.089
2;0.037
3;0.12
4;0.014
5;0.037
6;0.029
7;0.01
8;0.012
9;0.059
10;0.0
11;0.025
12;0.036
13;0.0
14;0.048
15;0.05
16;0.005
17;0.021
18;0.0
19;0.011
20;0.0
21;0.007
22;0.0
23;0.0
24;0.006
25;0.0
26;0.0
27;0.0
28;0.0
29;0.0
30;0.0
31;0.0
32;0.0
33;0.0
34;0.011
35;0.021
36;0.054
37;0.032
38;0.033
39;0.041
40;0.011
41;0.036
42;0.087
43;0.014
44;0.037
45;0.0
46;0.0
47;0.024
48;0.024
49;0.018
50;0.038
51;0.018
52;0.005
53;0.074
54;0.089
55;0.048
56;0.062
57;0.044
58;0.043
59;0.007
60;0.0
61;0.056
62;0.034
63;0.0
64;0.0
65;0.0
66;0.012
67;0.021
68;0.025
69;0.0
70;0.0
71;0.008
72;0.003
73;0.0
74;0.0
75;0.0
76;0.007
77;0.0
78;0.0
79;0.0
80;0.002
81;0.002
82;0.0
83;0.0
84;0.0
85;0.0
86;0.0
87;0.013
88;0.03
89;0.012
90;0.031
91;0.0
92;0.069
93;0.043
94;0.028
95;0.004
96;0.023
97;0.012
98;0.025
99;0.013
100;0.004
101;0.013
102;0.014
103;0.013
104;0.009
105;0.008
106;0.0
107;0.026
108;0.094
109;0.004
110;0.001
111;0.043
112;0.041
113;0.017
114;0.016
115;0.011
116;0.002
117;0.0
118;0.0
119;0.028
120;0.02
121;0.023
122;0.005
123;0.0
124;0.028
125;0.002
126;0.002
127;0.0
128;0.0
129;0.0
130;0.0
131;0.0
132;0.0
133;0.0
134;0.001
135;0.0
136;0.0
137;0.0
138;0.0
139;0.0
140;0.029
141;0.028
142;0.015
143;0.0
144;0.052
145;0.026
146;0.029
147;0.004
148;0.007
149;0.008
150;0.034
151;0.0
152;0.014
153;0.0
154;0.06
155;0.036
156;0.029
157;0.045
158;0.002
159;0.009
160;0.031
161;0.026
162;0.018
163;0.081
164;0.001
165;0.043
166;0.014
167;0.0
168;0.027
169;0.0
170;0.013
171;0.05
172;0.008
173;0.0
174;0.0
175;0.003
176;0.024
177;0.0
178;0.0
179;0.0
180;0.0
181;0.0
182;0.0
183;0.0
184;0.0
185;0.006
186;0.0
187;0.0
188;0.0
189;0.0
190;0.0
191;0.002
192;0.0
193;0.034
194;0.0
195;0.009
196;0.0
197;0.038
198;0.036
199;0.047
200;0.003
201;0.004
202;0.027
203;0.011
204;0.033
205;0.032
206;0.018
207;0.006
208;0.005
209;0.001
210;0.051
211;0.082
212;0.064
213;0.03
214;0.046
215;0.022
216;0.034
217;0.033
218;0.058
219;0.07
220;0.039
221;0.011
222;0.006
223;0.0
224;0.008
225;0.001
226;0.008
227;0.001
228;0.006
229;0.002
230;0.001
231;0.0
232;0.0
233;0.0
234;0.0
235;0.012
236;0.0
237;0.0
238;0.0
239;0.0
240;0.001
241;0.008
242;0.001
243;0.026
244;0.021
245;0.035
246;0.0
247;0.0
248;0.034
249;0.019
250;0.0
251;0.0
252;0.028
253;0.034
254;0.028
255;0.038
256;0.063
257;0.0
258;0.002
259;0.0
260;0.054
261;0.024
262;0.012
263;0.038
264;0.043
265;0.062
266;0.042
267;0.0
268;0.002
269;0.075
270;0.035
271;0.0
272;0.032
273;0.034
274;0.056
275;0.001
276;0.035
277;0.018
278;0.013
279;0.0
280;0.011
281;0.012
282;0.0
283;0.0
284;0.0
285;0.0
286;0.0
287;0.0
288;0.002
289;0.001
290;0.001
291;0.001
292;0.001
293;0.001
294;0.002
295;0.003
296;0.001
297;0.001
298;0.001
299;0.001
300;0.025
301;0.001
302;0.0
303;0.025
304;0.006
305;0.011
306;0.0
307;0.0
308;0.0
309;0.0
310;0.0
311;0.003
312;0.051
313;0.022
314;0.001
315;0.013
316;0.066
317;0.075
318;0.058
319;0.046
320;0.108
321;0.017
322;0.069
323;0.031
324;0.04
325;0.016
326;0.011
327;0.0
328;0.0
329;0.001
330;0.0
331;0.0
332;0.037
333;0.013
334;0.0
335;0.056
336;0.0
337;0.001
338;0.0
339;0.0
340;0.0
341;0.0
342;0.033
343;0.0
344;0.032
345;0.0
346;0.0
347;0.005
348;0.032
349;0.014
350;0.002
351;0.024
352;0.002
353;0.044
354;0.095
355;0.026
356;0.042
357;0.0
358;0.0
359;0.032
360;0.091
361;0.0
362;0.006
363;0.001
364;0.0
365;0.044
366;0.007
367;0.042
368;0.003
369;0.0
370;0.004
371;0.038
372;0.013
373;0.044
374;0.016
375;0.059
376;0.029
377;0.021
378;0.0
379;0.025
380;0.0
381;0.001
382;0.019
383;0.011
384;0.008
385;0.003
386;0.002
387;0.005
388;0.003
389;0.009
390;0.008
391;0.0
392;0.0
393;0.001
394;0.0
395;0.0
396;0.008
397;0.0
398;0.006
399;0.0
400;0.033
401;0.029
402;0.008
403;0.012
404;0.003
405;0.007
406;0.0
407;0.033
408;0.028
409;0.025
410;0.025
411;0.012
412;0.031
413;0.001
414;0.007
415;0.009
416;0.0
417;0.006
418;0.036
419;0.072
420;0.078
421;0.006
422;0.04
423;0.032
424;0.0
425;0.002
426;0.029
427;0.001
428;0.0
429;0.0
430;0.078
431;0.001
432;0.003
433;0.0
434;0.0
435;0.0
436;0.0
437;0.0
438;0.0
439;0.013
440;0.0
441;0.0
442;0.0
443;0.0
444;0.0
445;0.001
446;0.0
447;0.0
448;0.0
449;0.0
450;0.0
451;0.0
452;0.0
453;0.04
454;0.0
455;0.016
456;0.013
457;0.003
458;0.0
459;0.002
460;0.001
461;0.032
462;0.04
463;0.01
464;0.004
465;0.035
466;0.006
467;0.007
468;0.009
469;0.027
470;0.02
471;0.034
472;0.002
473;0.0
474;0.005
475;0.08
476;0.017
477;0.075
478;0.037
479;0.006
480;0.028
481;0.043
482;0.0
483;0.003
484;0.04
485;0.004
486;0.029
487;0.043
488;0.0
489;0.018
490;0.0
491;0.002
492;0.0
493;0.023
494;0.023
495;0.0
496;0.0
497;0.0
498;0.0
499;0.0
500;0.039
501;0.002
502;0.037
503;0.004
504;0.0
505;0.0
506;0.0
507;0.04
508;0.02
509;0.006
510;0.021
511;0.058
512;0.036
513;0.156
514;0.0
515;0.008
516;0.045
517;0.016
518;0.016
519;0.026
520;0.001
521;0.011
522;0.038
523;0.022
524;0.017
525;0.039
526;0.029
527;0.003
528;0.003
529;0.024
530;0.014
531;0.003
532;0.02
533;0.032
534;0.013
535;0.02
536;0.029
537;0.002
538;0.0
539;0.019
540;0.017
541;0.01
542;0.026
543;0.0
544;0.0
545;0.0
546;0.0
547;0.0
548;0.0
549;0.002
550;0.0
551;0.0
552;0.0
553;0.0
554;0.0
555;0.001
556;0.02
557;0.056
558;0.0
559;0.018
560;0.001
561;0.017
562;0.002
563;0.0
564;0.019
565;0.027
566;0.081
567;0.015
568;0.032
569;0.001
570;0.017
571;0.053
572;0.031
573;0.025
574;0.0
575;0.0
576;0.001
577;0.0
578;0.003
579;0.001
580;0.0
581;0.0
582;0.019
583;0.023
584;0.0
585;0.079
586;0.051
587;0.005
588;0.0
589;0.019
590;0.006
591;0.0
592;0.0
593;0.014
594;0.0
595;0.002
596;0.025
597;0.0
598;0.0
599;0.0
600;0.0
601;0.014
602;0.0
603;0.0
604;0.0
605;0.011
606;0.0
607;0.0
608;0.001
609;0.004
610;0.013
611;0.0
612;0.037
613;0.0
614;0.027
615;0.006
616;0.017
617;0.0
618;0.0
619;0.021
620;0.005
621;0.022
622;0.102
623;0.053
624;0.006
625;0.041
626;0.006
627;0.008
628;0.036
629;0.028
630;0.057
631;0.026
632;0.029
633;0.0
634;0.0
635;0.01
636;0.023
637;0.063
638;0.0
639;0.004
640;0.0
641;0.021
642;0.02
643;0.006
644;0.0
645;0.0
646;0.0
647;0.004
648;0.0
649;0.003
650;0.0
651;0.0
652;0.0
653;0.0
654;0.026
655;0.0
656;0.0
657;0.0
658;0.0
659;0.0
660;0.0
661;0.11
662;0.033
663;0.0
664;0.0
665;0.035
666;0.026
667;0.033
668;0.037
669;0.034
670;0.075
671;0.063
672;0.023
673;0.076
674;0.059
675;0.094
676;0.0
677;0.016
678;0.0
