;0
0;0.031
1;0.068
2;0.054
3;0.024
4;0.001
5;0.067
6;0.066
7;0.018
8;0.004
9;0.075
10;0.001
11;0.039
12;0.012
13;0.0
14;0.033
15;0.068
16;0.01
17;0.016
18;0.0
19;0.002
20;0.0
21;0.002
22;0.001
23;0.0
24;0.022
25;0.0
26;0.0
27;0.0
28;0.0
29;0.0
30;0.0
31;0.0
32;0.0
33;0.0
34;0.002
35;0.018
36;0.104
37;0.054
38;0.088
39;0.091
40;0.009
41;0.07
42;0.187
43;0.019
44;0.063
45;0.0
46;0.0
47;0.024
48;0.053
49;0.042
50;0.049
51;0.024
52;0.015
53;0.094
54;0.128
55;0.038
56;0.091
57;0.081
58;0.076
59;0.013
60;0.0
61;0.074
62;0.041
63;0.0
64;0.0
65;0.0
66;0.026
67;0.032
68;0.027
69;0.0
70;0.001
71;0.008
72;0.016
73;0.0
74;0.0
75;0.002
76;0.003
77;0.0
78;0.0
79;0.0
80;0.0
81;0.011
82;0.0
83;0.0
84;0.0
85;0.0
86;0.001
87;0.013
88;0.103
89;0.014
90;0.057
91;0.0
92;0.086
93;0.063
94;0.044
95;0.009
96;0.03
97;0.028
98;0.029
99;0.019
100;0.01
101;0.014
102;0.017
103;0.036
104;0.003
105;0.006
106;0.0
107;0.031
108;0.068
109;0.01
110;0.002
111;0.067
112;0.071
113;0.024
114;0.024
115;0.008
116;0.005
117;0.001
118;0.001
119;0.038
120;0.025
121;0.018
122;0.001
123;0.0
124;0.029
125;0.0
126;0.001
127;0.0
128;0.0
129;0.0
130;0.0
131;0.0
132;0.001
133;0.0
134;0.001
135;0.0
136;0.001
137;0.0
138;0.0
139;0.0
140;0.015
141;0.036
142;0.026
143;0.0
144;0.055
145;0.071
146;0.02
147;0.007
148;0.028
149;0.002
150;0.007
151;0.0
152;0.014
153;0.0
154;0.106
155;0.051
156;0.042
157;0.033
158;0.003
159;0.014
160;0.024
161;0.096
162;0.05
163;0.079
164;0.003
165;0.043
166;0.043
167;0.0
168;0.019
169;0.0
170;0.025
171;0.077
172;0.015
173;0.0
174;0.0
175;0.0
176;0.031
177;0.0
178;0.001
179;0.0
180;0.0
181;0.0
182;0.0
183;0.0
184;0.0
185;0.005
186;0.0
187;0.0
188;0.0
189;0.0
190;0.0
191;0.005
192;0.0
193;0.041
194;0.0
195;0.001
196;0.0
197;0.052
198;0.015
199;0.055
200;0.01
201;0.001
202;0.048
203;0.008
204;0.032
205;0.05
206;0.027
207;0.009
208;0.002
209;0.0
210;0.065
211;0.137
212;0.081
213;0.041
214;0.084
215;0.029
216;0.04
217;0.036
218;0.066
219;0.097
220;0.076
221;0.024
222;0.009
223;0.0
224;0.018
225;0.002
226;0.001
227;0.001
228;0.012
229;0.003
230;0.004
231;0.0
232;0.0
233;0.0
234;0.0
235;0.006
236;0.0
237;0.0
238;0.0
239;0.0
240;0.003
241;0.012
242;0.001
243;0.009
244;0.001
245;0.033
246;0.001
247;0.001
248;0.017
249;0.039
250;0.0
251;0.0
252;0.031
253;0.069
254;0.048
255;0.053
256;0.126
257;0.0
258;0.006
259;0.0
260;0.081
261;0.035
262;0.022
263;0.058
264;0.091
265;0.058
266;0.056
267;0.0
268;0.01
269;0.101
270;0.034
271;0.001
272;0.044
273;0.055
274;0.096
275;0.001
276;0.042
277;0.015
278;0.011
279;0.0
280;0.007
281;0.014
282;0.0
283;0.0
284;0.002
285;0.0
286;0.001
287;0.0
288;0.002
289;0.002
290;0.001
291;0.0
292;0.0
293;0.0
294;0.0
295;0.022
296;0.003
297;0.0
298;0.001
299;0.0
300;0.058
301;0.0
302;0.001
303;0.019
304;0.006
305;0.032
306;0.027
307;0.0
308;0.01
309;0.035
310;0.018
311;0.004
312;0.095
313;0.027
314;0.0
315;0.014
316;0.092
317;0.128
318;0.111
319;0.045
320;0.13
321;0.005
322;0.076
323;0.028
324;0.035
325;0.019
326;0.013
327;0.0
328;0.0
329;0.0
330;0.0
331;0.0
332;0.054
333;0.019
334;0.001
335;0.0
336;0.0
337;0.004
338;0.0
339;0.0
340;0.0
341;0.0
342;0.005
343;0.0
344;0.038
345;0.004
346;0.0
347;0.003
348;0.024
349;0.032
350;0.004
351;0.007
352;0.007
353;0.049
354;0.072
355;0.024
356;0.082
357;0.002
358;0.0
359;0.063
360;0.144
361;0.0
362;0.011
363;0.002
364;0.0
365;0.057
366;0.006
367;0.05
368;0.004
369;0.0
370;0.003
371;0.046
372;0.019
373;0.054
374;0.029
375;0.062
376;0.056
377;0.002
378;0.0
379;0.021
380;0.0
381;0.0
382;0.034
383;0.013
384;0.027
385;0.006
386;0.004
387;0.002
388;0.0
389;0.012
390;0.014
391;0.0
392;0.0
393;0.006
394;0.0
395;0.0
396;0.012
397;0.0
398;0.005
399;0.0
400;0.012
401;0.023
402;0.013
403;0.006
404;0.005
405;0.026
406;0.002
407;0.049
408;0.06
409;0.035
410;0.029
411;0.003
412;0.018
413;0.001
414;0.004
415;0.005
416;0.0
417;0.004
418;0.058
419;0.171
420;0.073
421;0.006
422;0.092
423;0.038
424;0.001
425;0.003
426;0.019
427;0.001
428;0.0
429;0.0
430;0.087
431;0.0
432;0.0
433;0.001
434;0.0
435;0.0
436;0.0
437;0.0
438;0.0
439;0.002
440;0.0
441;0.001
442;0.0
443;0.0
444;0.0
445;0.005
446;0.0
447;0.0
448;0.0
449;0.0
450;0.0
451;0.0
452;0.0
453;0.031
454;0.002
455;0.024
456;0.039
457;0.008
458;0.0
459;0.005
460;0.003
461;0.056
462;0.024
463;0.031
464;0.009
465;0.071
466;0.021
467;0.028
468;0.021
469;0.036
470;0.016
471;0.041
472;0.002
473;0.0
474;0.074
475;0.162
476;0.034
477;0.139
478;0.031
479;0.021
480;0.049
481;0.085
482;0.0
483;0.012
484;0.016
485;0.0
486;0.015
487;0.05
488;0.0
489;0.012
490;0.0
491;0.0
492;0.0
493;0.043
494;0.014
495;0.0
496;0.0
497;0.0
498;0.0
499;0.0
500;0.043
501;0.0
502;0.012
503;0.046
504;0.0
505;0.0
506;0.015
507;0.05
508;0.048
509;0.007
510;0.04
511;0.058
512;0.033
513;0.161
514;0.0
515;0.007
516;0.122
517;0.012
518;0.024
519;0.042
520;0.006
521;0.01
522;0.081
523;0.054
524;0.032
525;0.099
526;0.083
527;0.006
528;0.001
529;0.012
530;0.0
531;0.003
532;0.043
533;0.024
534;0.018
535;0.026
536;0.037
537;0.0
538;0.0
539;0.003
540;0.024
541;0.008
542;0.033
543;0.0
544;0.0
545;0.0
546;0.0
547;0.0
548;0.0
549;0.004
550;0.0
551;0.0
552;0.0
553;0.0
554;0.0
555;0.0
556;0.047
557;0.02
558;0.0
559;0.0
560;0.0
561;0.02
562;0.0
563;0.0
564;0.023
565;0.019
566;0.068
567;0.014
568;0.066
569;0.001
570;0.021
571;0.084
572;0.032
573;0.023
574;0.001
575;0.0
576;0.0
577;0.0
578;0.002
579;0.008
580;0.0
581;0.0
582;0.015
583;0.032
584;0.0
585;0.105
586;0.057
587;0.017
588;0.0
589;0.048
590;0.008
591;0.0
592;0.0
593;0.005
594;0.001
595;0.002
596;0.02
597;0.0
598;0.0
599;0.0
600;0.0
601;0.012
602;0.003
603;0.0
604;0.0
605;0.008
606;0.0
607;0.0
608;0.002
609;0.026
610;0.031
611;0.006
612;0.019
613;0.0
614;0.035
615;0.007
616;0.017
617;0.0
618;0.0
619;0.05
620;0.026
621;0.033
622;0.114
623;0.084
624;0.008
625;0.056
626;0.007
627;0.018
628;0.06
629;0.048
630;0.076
631;0.045
632;0.046
633;0.0
634;0.0
635;0.014
636;0.041
637;0.103
638;0.0
639;0.003
640;0.0
641;0.021
642;0.038
643;0.005
644;0.0
645;0.0
646;0.0
647;0.003
648;0.005
649;0.0
650;0.0
651;0.0
652;0.0
653;0.0
654;0.073
655;0.0
656;0.0
657;0.0
658;0.0
659;0.0
660;0.0
661;0.035
662;0.024
663;0.001
664;0.001
665;0.051
666;0.069
667;0.046
668;0.025
669;0.033
670;0.072
671;0.055
672;0.019
673;0.133
674;0.098
675;0.176
676;0.001
677;0.015
678;0.0
