;0
0;0.023
1;0.073
2;0.063
3;0.04
4;0.019
5;0.019
6;0.008
7;0.027
8;0.002
9;0.036
10;0.002
11;0.021
12;0.012
13;0.0
14;0.019
15;0.012
16;0.0
17;0.021
18;0.0
19;0.002
20;0.0
21;0.007
22;0.0
23;0.0
24;0.0
25;0.0
26;0.0
27;0.0
28;0.0
29;0.0
30;0.0
31;0.0
32;0.0
33;0.015
34;0.009
35;0.001
36;0.045
37;0.043
38;0.044
39;0.033
40;0.003
41;0.024
42;0.036
43;0.006
44;0.017
45;0.001
46;0.0
47;0.001
48;0.013
49;0.025
50;0.015
51;0.006
52;0.006
53;0.056
54;0.04
55;0.042
56;0.021
57;0.032
58;0.052
59;0.002
60;0.0
61;0.083
62;0.025
63;0.0
64;0.0
65;0.0
66;0.009
67;0.015
68;0.056
69;0.0
70;0.0
71;0.003
72;0.012
73;0.0
74;0.0
75;0.0
76;0.01
77;0.0
78;0.0
79;0.0
80;0.0
81;0.0
82;0.0
83;0.0
84;0.0
85;0.0
86;0.0
87;0.038
88;0.005
89;0.0
90;0.032
91;0.0
92;0.038
93;0.021
94;0.018
95;0.005
96;0.012
97;0.009
98;0.015
99;0.006
100;0.0
101;0.012
102;0.0
103;0.012
104;0.001
105;0.001
106;0.0
107;0.014
108;0.074
109;0.0
110;0.002
111;0.041
112;0.044
113;0.016
114;0.013
115;0.004
116;0.001
117;0.0
118;0.0
119;0.01
120;0.001
121;0.011
122;0.0
123;0.0
124;0.035
125;0.0
126;0.017
127;0.0
128;0.0
129;0.0
130;0.0
131;0.0
132;0.0
133;0.0
134;0.0
135;0.0
136;0.0
137;0.0
138;0.005
139;0.0
140;0.0
141;0.023
142;0.014
143;0.016
144;0.016
145;0.003
146;0.021
147;0.004
148;0.011
149;0.016
150;0.025
151;0.005
152;0.011
153;0.0
154;0.046
155;0.006
156;0.016
157;0.012
158;0.002
159;0.002
160;0.041
161;0.02
162;0.031
163;0.057
164;0.001
165;0.039
166;0.004
167;0.0
168;0.0
169;0.0
170;0.007
171;0.029
172;0.002
173;0.0
174;0.0
175;0.003
176;0.011
177;0.003
178;0.0
179;0.0
180;0.0
181;0.0
182;0.0
183;0.0
184;0.0
185;0.0
186;0.0
187;0.0
188;0.0
189;0.0
190;0.0
191;0.017
192;0.0
193;0.009
194;0.0
195;0.0
196;0.0
197;0.048
198;0.031
199;0.063
200;0.006
201;0.001
202;0.022
203;0.003
204;0.023
205;0.018
206;0.008
207;0.0
208;0.004
209;0.0
210;0.032
211;0.027
212;0.042
213;0.009
214;0.028
215;0.01
216;0.02
217;0.043
218;0.035
219;0.013
220;0.01
221;0.023
222;0.0
223;0.0
224;0.007
225;0.004
226;0.001
227;0.002
228;0.003
229;0.0
230;0.003
231;0.0
232;0.0
233;0.0
234;0.0
235;0.008
236;0.0
237;0.0
238;0.0
239;0.0
240;0.0
241;0.005
242;0.008
243;0.023
244;0.015
245;0.009
246;0.004
247;0.0
248;0.008
249;0.005
250;0.0
251;0.0
252;0.01
253;0.024
254;0.046
255;0.049
256;0.04
257;0.0
258;0.0
259;0.0
260;0.038
261;0.005
262;0.021
263;0.026
264;0.025
265;0.002
266;0.005
267;0.0
268;0.0
269;0.044
270;0.021
271;0.0
272;0.013
273;0.007
274;0.024
275;0.0
276;0.007
277;0.03
278;0.002
279;0.0
280;0.016
281;0.001
282;0.004
283;0.001
284;0.027
285;0.0
286;0.0
287;0.0
288;0.0
289;0.019
290;0.0
291;0.0
292;0.0
293;0.0
294;0.0
295;0.0
296;0.0
297;0.0
298;0.0
299;0.002
300;0.008
301;0.0
302;0.0
303;0.007
304;0.009
305;0.012
306;0.0
307;0.003
308;0.009
309;0.005
310;0.007
311;0.001
312;0.033
313;0.0
314;0.0
315;0.024
316;0.022
317;0.005
318;0.027
319;0.044
320;0.133
321;0.029
322;0.012
323;0.043
324;0.013
325;0.006
326;0.001
327;0.0
328;0.0
329;0.0
330;0.0
331;0.0
332;0.014
333;0.0
334;0.005
335;0.038
336;0.0
337;0.0
338;0.0
339;0.0
340;0.0
341;0.0
342;0.004
343;0.0
344;0.05
345;0.002
346;0.019
347;0.0
348;0.023
349;0.001
350;0.0
351;0.003
352;0.026
353;0.012
354;0.061
355;0.004
356;0.015
357;0.0
358;0.0
359;0.018
360;0.013
361;0.001
362;0.0
363;0.0
364;0.0
365;0.016
366;0.0
367;0.019
368;0.0
369;0.001
370;0.008
371;0.031
372;0.0
373;0.013
374;0.005
375;0.043
376;0.012
377;0.0
378;0.0
379;0.02
380;0.0
381;0.0
382;0.006
383;0.01
384;0.006
385;0.0
386;0.0
387;0.002
388;0.031
389;0.001
390;0.034
391;0.0
392;0.0
393;0.0
394;0.0
395;0.0
396;0.0
397;0.0
398;0.0
399;0.021
400;0.003
401;0.052
402;0.004
403;0.021
404;0.003
405;0.015
406;0.0
407;0.015
408;0.013
409;0.005
410;0.035
411;0.031
412;0.021
413;0.01
414;0.008
415;0.02
416;0.0
417;0.0
418;0.024
419;0.052
420;0.044
421;0.004
422;0.025
423;0.004
424;0.0
425;0.009
426;0.003
427;0.0
428;0.0
429;0.0
430;0.023
431;0.007
432;0.006
433;0.0
434;0.0
435;0.0
436;0.001
437;0.0
438;0.0
439;0.003
440;0.0
441;0.0
442;0.0
443;0.0
444;0.0
445;0.0
446;0.0
447;0.0
448;0.0
449;0.0
450;0.0
451;0.0
452;0.0
453;0.033
454;0.0
455;0.013
456;0.001
457;0.008
458;0.0
459;0.001
460;0.001
461;0.024
462;0.048
463;0.0
464;0.0
465;0.009
466;0.003
467;0.0
468;0.013
469;0.005
470;0.01
471;0.014
472;0.0
473;0.0
474;0.025
475;0.019
476;0.02
477;0.063
478;0.009
479;0.002
480;0.016
481;0.025
482;0.0
483;0.001
484;0.001
485;0.007
486;0.026
487;0.013
488;0.0
489;0.002
490;0.0
491;0.0
492;0.0
493;0.05
494;0.032
495;0.0
496;0.0
497;0.0
498;0.0
499;0.0
500;0.092
501;0.0
502;0.03
503;0.002
504;0.0
505;0.001
506;0.023
507;0.104
508;0.018
509;0.018
510;0.025
511;0.03
512;0.028
513;0.085
514;0.002
515;0.024
516;0.019
517;0.005
518;0.003
519;0.009
520;0.001
521;0.01
522;0.026
523;0.002
524;0.038
525;0.015
526;0.008
527;0.001
528;0.0
529;0.0
530;0.001
531;0.001
532;0.019
533;0.03
534;0.001
535;0.033
536;0.027
537;0.002
538;0.0
539;0.001
540;0.002
541;0.024
542;0.014
543;0.0
544;0.0
545;0.0
546;0.0
547;0.014
548;0.0
549;0.006
550;0.0
551;0.0
552;0.0
553;0.0
554;0.0
555;0.0
556;0.013
557;0.055
558;0.0
559;0.002
560;0.003
561;0.02
562;0.0
563;0.0
564;0.024
565;0.053
566;0.094
567;0.044
568;0.045
569;0.0
570;0.007
571;0.043
572;0.009
573;0.003
574;0.0
575;0.0
576;0.004
577;0.0
578;0.005
579;0.0
580;0.0
581;0.0
582;0.006
583;0.009
584;0.0
585;0.065
586;0.024
587;0.004
588;0.0
589;0.006
590;0.001
591;0.0
592;0.0
593;0.009
594;0.0
595;0.003
596;0.009
597;0.0
598;0.0
599;0.0
600;0.0
601;0.002
602;0.001
603;0.0
604;0.0
605;0.0
606;0.0
607;0.0
608;0.0
609;0.034
610;0.039
611;0.0
612;0.004
613;0.001
614;0.017
615;0.0
616;0.015
617;0.0
618;0.0
619;0.035
620;0.003
621;0.043
622;0.062
623;0.025
624;0.004
625;0.011
626;0.009
627;0.0
628;0.009
629;0.017
630;0.026
631;0.02
632;0.008
633;0.0
634;0.0
635;0.006
636;0.004
637;0.045
638;0.0
639;0.003
640;0.0
641;0.009
642;0.023
643;0.002
644;0.0
645;0.0
646;0.0
647;0.004
648;0.0
649;0.009
650;0.0
651;0.0
652;0.0
653;0.0
654;0.001
655;0.0
656;0.0
657;0.0
658;0.0
659;0.0
660;0.0
661;0.007
662;0.012
663;0.0
664;0.0
665;0.085
666;0.012
667;0.0
668;0.015
669;0.042
670;0.076
671;0.064
672;0.012
673;0.057
674;0.027
675;0.033
676;0.0
677;0.007
678;0.0
