;0
0;0.032
1;0.147
2;0.07
3;0.052
4;0.012
5;0.009
6;0.005
7;0.028
8;0.022
9;0.04
10;0.004
11;0.014
12;0.001
13;0.016
14;0.103
15;0.027
16;0.006
17;0.022
18;0.0
19;0.005
20;0.0
21;0.001
22;0.0
23;0.0
24;0.006
25;0.044
26;0.0
27;0.0
28;0.0
29;0.0
30;0.0
31;0.0
32;0.0
33;0.019
34;0.053
35;0.001
36;0.004
37;0.031
38;0.065
39;0.028
40;0.007
41;0.027
42;0.012
43;0.002
44;0.011
45;0.0
46;0.0
47;0.0
48;0.01
49;0.02
50;0.032
51;0.003
52;0.002
53;0.045
54;0.081
55;0.052
56;0.014
57;0.036
58;0.053
59;0.003
60;0.0
61;0.092
62;0.043
63;0.0
64;0.0
65;0.0
66;0.002
67;0.002
68;0.023
69;0.023
70;0.0
71;0.003
72;0.002
73;0.005
74;0.0
75;0.0
76;0.005
77;0.0
78;0.003
79;0.0
80;0.003
81;0.009
82;0.0
83;0.0
84;0.0
85;0.0
86;0.0
87;0.033
88;0.05
89;0.003
90;0.049
91;0.001
92;0.029
93;0.04
94;0.001
95;0.0
96;0.002
97;0.001
98;0.007
99;0.003
100;0.021
101;0.004
102;0.002
103;0.005
104;0.005
105;0.003
106;0.0
107;0.028
108;0.171
109;0.01
110;0.0
111;0.0
112;0.0
113;0.0
114;0.0
115;0.0
116;0.009
117;0.004
118;0.0
119;0.015
120;0.159
121;0.038
122;0.0
123;0.0
124;0.024
125;0.001
126;0.0
127;0.017
128;0.034
129;0.0
130;0.0
131;0.0
132;0.0
133;0.0
134;0.001
135;0.0
136;0.0
137;0.0
138;0.002
139;0.0
140;0.0
141;0.01
142;0.025
143;0.0
144;0.021
145;0.022
146;0.034
147;0.163
148;0.067
149;0.023
150;0.022
151;0.015
152;0.009
153;0.002
154;0.019
155;0.044
156;0.003
157;0.007
158;0.005
159;0.002
160;0.086
161;0.011
162;0.016
163;0.142
164;0.021
165;0.044
166;0.256
167;0.0
168;0.0
169;0.008
170;0.008
171;0.038
172;0.001
173;0.0
174;0.0
175;0.001
176;0.001
177;0.006
178;0.003
179;0.0
180;0.0
181;0.0
182;0.0
183;0.0
184;0.0
185;0.007
186;0.0
187;0.0
188;0.031
189;0.0
190;0.0
191;0.057
192;0.0
193;0.005
194;0.0
195;0.0
196;0.005
197;0.015
198;0.0
199;0.015
200;0.017
201;0.002
202;0.033
203;0.004
204;0.013
205;0.017
206;0.004
207;0.0
208;0.005
209;0.005
210;0.031
211;0.024
212;0.037
213;0.004
214;0.021
215;0.004
216;0.008
217;0.028
218;0.017
219;0.027
220;0.013
221;0.009
222;0.0
223;0.0
224;0.012
225;0.011
226;0.003
227;0.0
228;0.003
229;0.0
230;0.0
231;0.0
232;0.0
233;0.0
234;0.0
235;0.101
236;0.0
237;0.0
238;0.0
239;0.0
240;0.003
241;0.017
242;0.023
243;0.08
244;0.011
245;0.013
246;0.043
247;0.0
248;0.031
249;0.001
250;0.0
251;0.0
252;0.014
253;0.028
254;0.047
255;0.014
256;0.078
257;0.0
258;0.0
259;0.018
260;0.051
261;0.009
262;0.012
263;0.015
264;0.055
265;0.003
266;0.0
267;0.0
268;0.0
269;0.039
270;0.019
271;0.002
272;0.005
273;0.013
274;0.005
275;0.007
276;0.005
277;0.005
278;0.01
279;0.0
280;0.012
281;0.001
282;0.004
283;0.0
284;0.031
285;0.0
286;0.0
287;0.0
288;0.0
289;0.006
290;0.0
291;0.0
292;0.0
293;0.0
294;0.0
295;0.007
296;0.0
297;0.004
298;0.001
299;0.038
300;0.105
301;0.0
302;0.0
303;0.032
304;0.027
305;0.129
306;0.001
307;0.005
308;0.012
309;0.009
310;0.008
311;0.001
312;0.019
313;0.011
314;0.0
315;0.003
316;0.037
317;0.038
318;0.011
319;0.167
320;0.125
321;0.027
322;0.048
323;0.027
324;0.028
325;0.01
326;0.001
327;0.0
328;0.002
329;0.001
330;0.0
331;0.001
332;0.005
333;0.0
334;0.004
335;0.016
336;0.0
337;0.006
338;0.003
339;0.0
340;0.0
341;0.011
342;0.027
343;0.017
344;0.048
345;0.002
346;0.024
347;0.0
348;0.11
349;0.002
350;0.0
351;0.091
352;0.033
353;0.011
354;0.005
355;0.004
356;0.039
357;0.013
358;0.0
359;0.016
360;0.021
361;0.0
362;0.002
363;0.008
364;0.017
365;0.008
366;0.001
367;0.01
368;0.001
369;0.001
370;0.012
371;0.006
372;0.005
373;0.004
374;0.006
375;0.024
376;0.019
377;0.004
378;0.0
379;0.004
380;0.0
381;0.0
382;0.006
383;0.004
384;0.001
385;0.0
386;0.002
387;0.0
388;0.0
389;0.001
390;0.002
391;0.0
392;0.0
393;0.0
394;0.0
395;0.005
396;0.002
397;0.0
398;0.013
399;0.001
400;0.014
401;0.067
402;0.001
403;0.061
404;0.014
405;0.013
406;0.007
407;0.028
408;0.013
409;0.009
410;0.047
411;0.069
412;0.004
413;0.049
414;0.002
415;0.084
416;0.006
417;0.0
418;0.032
419;0.037
420;0.137
421;0.024
422;0.035
423;0.035
424;0.0
425;0.031
426;0.01
427;0.001
428;0.0
429;0.001
430;0.024
431;0.011
432;0.004
433;0.014
434;0.0
435;0.0
436;0.038
437;0.0
438;0.02
439;0.003
440;0.0
441;0.0
442;0.0
443;0.0
444;0.0
445;0.0
446;0.0
447;0.0
448;0.0
449;0.0
450;0.0
451;0.0
452;0.0
453;0.01
454;0.0
455;0.034
456;0.055
457;0.037
458;0.0
459;0.0
460;0.003
461;0.031
462;0.077
463;0.001
464;0.0
465;0.01
466;0.003
467;0.001
468;0.012
469;0.019
470;0.027
471;0.016
472;0.002
473;0.0
474;0.03
475;0.06
476;0.011
477;0.029
478;0.01
479;0.001
480;0.003
481;0.035
482;0.0
483;0.0
484;0.001
485;0.028
486;0.003
487;0.021
488;0.013
489;0.002
490;0.0
491;0.0
492;0.0
493;0.021
494;0.008
495;0.0
496;0.013
497;0.0
498;0.0
499;0.008
500;0.024
501;0.062
502;0.047
503;0.005
504;0.0
505;0.0
506;0.019
507;0.007
508;0.046
509;0.029
510;0.119
511;0.065
512;0.043
513;0.033
514;0.013
515;0.021
516;0.008
517;0.027
518;0.006
519;0.01
520;0.002
521;0.002
522;0.02
523;0.006
524;0.011
525;0.023
526;0.101
527;0.0
528;0.014
529;0.04
530;0.002
531;0.005
532;0.003
533;0.02
534;0.002
535;0.062
536;0.028
537;0.001
538;0.0
539;0.002
540;0.006
541;0.013
542;0.009
543;0.01
544;0.0
545;0.0
546;0.0
547;0.021
548;0.0
549;0.009
550;0.0
551;0.0
552;0.0
553;0.0
554;0.0
555;0.023
556;0.02
557;0.006
558;0.0
559;0.014
560;0.0
561;0.148
562;0.007
563;0.0
564;0.164
565;0.013
566;0.09
567;0.025
568;0.054
569;0.001
570;0.01
571;0.076
572;0.014
573;0.032
574;0.0
575;0.0
576;0.014
577;0.0
578;0.006
579;0.0
580;0.0
581;0.0
582;0.005
583;0.01
584;0.006
585;0.151
586;0.018
587;0.003
588;0.0
589;0.001
590;0.023
591;0.0
592;0.0
593;0.007
594;0.004
595;0.026
596;0.003
597;0.0
598;0.001
599;0.0
600;0.0
601;0.024
602;0.05
603;0.0
604;0.0
605;0.005
606;0.0
607;0.0
608;0.0
609;0.0
610;0.03
611;0.002
612;0.022
613;0.002
614;0.01
615;0.023
616;0.005
617;0.001
618;0.0
619;0.029
620;0.039
621;0.027
622;0.055
623;0.008
624;0.023
625;0.001
626;0.018
627;0.008
628;0.011
629;0.018
630;0.008
631;0.014
632;0.011
633;0.001
634;0.0
635;0.009
636;0.002
637;0.034
638;0.0
639;0.0
640;0.0
641;0.013
642;0.005
643;0.0
644;0.0
645;0.0
646;0.0
647;0.002
648;0.002
649;0.012
650;0.0
651;0.0
652;0.0
653;0.0
654;0.007
655;0.0
656;0.0
657;0.0
658;0.0
659;0.0
660;0.0
661;0.032
662;0.003
663;0.0
664;0.001
665;0.021
666;0.002
667;0.012
668;0.121
669;0.112
670;0.011
671;0.149
672;0.008
673;0.068
674;0.022
675;0.042
676;0.0
677;0.007
678;0.0
