;0
0;0.006
1;0.05
2;0.019
3;0.087
4;0.051
5;0.028
6;0.109
7;0.014
8;0.004
9;0.034
10;0.001
11;0.038
12;0.004
13;0.0
14;0.018
15;0.075
16;0.0
17;0.0
18;0.0
19;0.001
20;0.0
21;0.001
22;0.0
23;0.0
24;0.01
25;0.0
26;0.0
27;0.0
28;0.0
29;0.0
30;0.0
31;0.0
32;0.0
33;0.0
34;0.002
35;0.004
36;0.101
37;0.089
38;0.046
39;0.075
40;0.009
41;0.104
42;0.104
43;0.002
44;0.05
45;0.0
46;0.0
47;0.015
48;0.034
49;0.021
50;0.025
51;0.029
52;0.01
53;0.048
54;0.063
55;0.025
56;0.05
57;0.043
58;0.047
59;0.004
60;0.0
61;0.046
62;0.03
63;0.0
64;0.0
65;0.0
66;0.012
67;0.028
68;0.021
69;0.0
70;0.0
71;0.005
72;0.003
73;0.0
74;0.0
75;0.0
76;0.007
77;0.0
78;0.0
79;0.0
80;0.0
81;0.003
82;0.0
83;0.0
84;0.0
85;0.0
86;0.0
87;0.013
88;0.049
89;0.001
90;0.03
91;0.0
92;0.024
93;0.06
94;0.03
95;0.008
96;0.014
97;0.01
98;0.017
99;0.007
100;0.007
101;0.016
102;0.019
103;0.007
104;0.002
105;0.005
106;0.0
107;0.017
108;0.065
109;0.013
110;0.001
111;0.051
112;0.024
113;0.018
114;0.011
115;0.003
116;0.0
117;0.0
118;0.0
119;0.025
120;0.008
121;0.006
122;0.002
123;0.0
124;0.023
125;0.001
126;0.0
127;0.0
128;0.0
129;0.0
130;0.0
131;0.0
132;0.0
133;0.0
134;0.003
135;0.0
136;0.0
137;0.0
138;0.0
139;0.0
140;0.013
141;0.043
142;0.017
143;0.001
144;0.077
145;0.035
146;0.017
147;0.002
148;0.025
149;0.022
150;0.002
151;0.0
152;0.003
153;0.0
154;0.053
155;0.029
156;0.034
157;0.029
158;0.007
159;0.002
160;0.011
161;0.067
162;0.015
163;0.039
164;0.003
165;0.04
166;0.03
167;0.0
168;0.002
169;0.0
170;0.024
171;0.027
172;0.007
173;0.0
174;0.0
175;0.0
176;0.025
177;0.0
178;0.0
179;0.0
180;0.0
181;0.0
182;0.0
183;0.0
184;0.0
185;0.002
186;0.0
187;0.0
188;0.0
189;0.0
190;0.0
191;0.038
192;0.0
193;0.027
194;0.0
195;0.001
196;0.0
197;0.032
198;0.018
199;0.017
200;0.015
201;0.001
202;0.052
203;0.007
204;0.021
205;0.075
206;0.012
207;0.013
208;0.0
209;0.0
210;0.038
211;0.044
212;0.04
213;0.022
214;0.043
215;0.022
216;0.016
217;0.019
218;0.019
219;0.069
220;0.026
221;0.011
222;0.0
223;0.0
224;0.015
225;0.003
226;0.001
227;0.001
228;0.004
229;0.001
230;0.006
231;0.0
232;0.0
233;0.0
234;0.001
235;0.0
236;0.0
237;0.0
238;0.0
239;0.0
240;0.004
241;0.011
242;0.0
243;0.003
244;0.0
245;0.01
246;0.004
247;0.0
248;0.077
249;0.034
250;0.0
251;0.0
252;0.009
253;0.055
254;0.011
255;0.043
256;0.101
257;0.0
258;0.0
259;0.0
260;0.032
261;0.02
262;0.002
263;0.032
264;0.078
265;0.056
266;0.022
267;0.0
268;0.008
269;0.061
270;0.012
271;0.001
272;0.027
273;0.024
274;0.053
275;0.0
276;0.047
277;0.007
278;0.009
279;0.0
280;0.009
281;0.017
282;0.0
283;0.002
284;0.0
285;0.0
286;0.0
287;0.0
288;0.001
289;0.0
290;0.0
291;0.0
292;0.001
293;0.0
294;0.0
295;0.003
296;0.003
297;0.0
298;0.001
299;0.01
300;0.076
301;0.0
302;0.001
303;0.005
304;0.001
305;0.032
306;0.014
307;0.0
308;0.004
309;0.054
310;0.007
311;0.001
312;0.093
313;0.011
314;0.0
315;0.01
316;0.071
317;0.097
318;0.074
319;0.017
320;0.06
321;0.004
322;0.07
323;0.01
324;0.032
325;0.01
326;0.008
327;0.0
328;0.0
329;0.0
330;0.0
331;0.0
332;0.044
333;0.017
334;0.002
335;0.0
336;0.0
337;0.001
338;0.0
339;0.0
340;0.0
341;0.0
342;0.001
343;0.0
344;0.043
345;0.0
346;0.0
347;0.0
348;0.03
349;0.012
350;0.005
351;0.018
352;0.003
353;0.035
354;0.051
355;0.01
356;0.076
357;0.003
358;0.0
359;0.05
360;0.098
361;0.003
362;0.024
363;0.004
364;0.0
365;0.024
366;0.001
367;0.038
368;0.006
369;0.0
370;0.002
371;0.01
372;0.014
373;0.021
374;0.024
375;0.027
376;0.013
377;0.009
378;0.0
379;0.013
380;0.0
381;0.001
382;0.019
383;0.006
384;0.025
385;0.0
386;0.003
387;0.002
388;0.0
389;0.009
390;0.019
391;0.0
392;0.0
393;0.003
394;0.0
395;0.0
396;0.009
397;0.0
398;0.0
399;0.0
400;0.025
401;0.012
402;0.007
403;0.007
404;0.004
405;0.027
406;0.0
407;0.039
408;0.03
409;0.022
410;0.015
411;0.001
412;0.009
413;0.037
414;0.001
415;0.002
416;0.0
417;0.009
418;0.039
419;0.054
420;0.045
421;0.0
422;0.053
423;0.022
424;0.0
425;0.0
426;0.015
427;0.0
428;0.0
429;0.0
430;0.053
431;0.0
432;0.0
433;0.0
434;0.0
435;0.0
436;0.0
437;0.0
438;0.0
439;0.001
440;0.0
441;0.011
442;0.0
443;0.0
444;0.0
445;0.001
446;0.0
447;0.0
448;0.0
449;0.0
450;0.0
451;0.0
452;0.002
453;0.028
454;0.001
455;0.026
456;0.022
457;0.004
458;0.0
459;0.004
460;0.001
461;0.037
462;0.02
463;0.028
464;0.006
465;0.04
466;0.005
467;0.01
468;0.004
469;0.015
470;0.008
471;0.013
472;0.0
473;0.0
474;0.023
475;0.098
476;0.016
477;0.063
478;0.016
479;0.012
480;0.021
481;0.046
482;0.0
483;0.003
484;0.036
485;0.0
486;0.002
487;0.014
488;0.0
489;0.009
490;0.0
491;0.0
492;0.0
493;0.024
494;0.003
495;0.0
496;0.0
497;0.0
498;0.001
499;0.0
500;0.029
501;0.004
502;0.02
503;0.021
504;0.0
505;0.0
506;0.036
507;0.011
508;0.037
509;0.003
510;0.108
511;0.038
512;0.017
513;0.117
514;0.0
515;0.016
516;0.073
517;0.011
518;0.016
519;0.017
520;0.001
521;0.011
522;0.056
523;0.031
524;0.012
525;0.041
526;0.032
527;0.005
528;0.001
529;0.013
530;0.0
531;0.001
532;0.02
533;0.031
534;0.006
535;0.007
536;0.018
537;0.0
538;0.001
539;0.009
540;0.011
541;0.01
542;0.005
543;0.0
544;0.0
545;0.0
546;0.0
547;0.0
548;0.0
549;0.011
550;0.0
551;0.0
552;0.0
553;0.0
554;0.0
555;0.002
556;0.05
557;0.032
558;0.0
559;0.0
560;0.001
561;0.031
562;0.0
563;0.0
564;0.012
565;0.01
566;0.04
567;0.009
568;0.03
569;0.0
570;0.019
571;0.034
572;0.009
573;0.016
574;0.0
575;0.0
576;0.0
577;0.0
578;0.001
579;0.001
580;0.0
581;0.0
582;0.004
583;0.024
584;0.0
585;0.105
586;0.037
587;0.006
588;0.0
589;0.002
590;0.003
591;0.0
592;0.0
593;0.003
594;0.0
595;0.001
596;0.016
597;0.0
598;0.0
599;0.0
600;0.0
601;0.133
602;0.0
603;0.0
604;0.0
605;0.006
606;0.0
607;0.0
608;0.0
609;0.001
610;0.024
611;0.0
612;0.009
613;0.0
614;0.021
615;0.004
616;0.013
617;0.0
618;0.0
619;0.025
620;0.107
621;0.025
622;0.058
623;0.033
624;0.003
625;0.025
626;0.0
627;0.022
628;0.046
629;0.024
630;0.025
631;0.037
632;0.014
633;0.0
634;0.0
635;0.007
636;0.031
637;0.082
638;0.0
639;0.0
640;0.0
641;0.02
642;0.026
643;0.006
644;0.0
645;0.002
646;0.0
647;0.0
648;0.003
649;0.0
650;0.0
651;0.0
652;0.0
653;0.0
654;0.04
655;0.0
656;0.0
657;0.0
658;0.0
659;0.0
660;0.0
661;0.034
662;0.004
663;0.001
664;0.001
665;0.023
666;0.114
667;0.057
668;0.023
669;0.02
670;0.056
671;0.037
672;0.006
673;0.067
674;0.068
675;0.119
676;0.0
677;0.001
678;0.0
