;0
0;0.019
1;0.088
2;0.054
3;0.008
4;0.01
5;0.005
6;0.003
7;0.004
8;0.006
9;0.016
10;0.0
11;0.018
12;0.003
13;0.008
14;0.034
15;0.036
16;0.011
17;0.011
18;0.0
19;0.0
20;0.0
21;0.001
22;0.0
23;0.0
24;0.007
25;0.0
26;0.0
27;0.0
28;0.0
29;0.0
30;0.0
31;0.0
32;0.002
33;0.0
34;0.0
35;0.007
36;0.033
37;0.043
38;0.06
39;0.055
40;0.006
41;0.044
42;0.022
43;0.005
44;0.005
45;0.0
46;0.0
47;0.0
48;0.012
49;0.023
50;0.007
51;0.001
52;0.0
53;0.019
54;0.096
55;0.04
56;0.022
57;0.023
58;0.057
59;0.019
60;0.0
61;0.093
62;0.036
63;0.0
64;0.0
65;0.0
66;0.004
67;0.001
68;0.009
69;0.007
70;0.0
71;0.001
72;0.001
73;0.0
74;0.002
75;0.0
76;0.001
77;0.0
78;0.0
79;0.0
80;0.0
81;0.005
82;0.0
83;0.0
84;0.0
85;0.0
86;0.0
87;0.026
88;0.054
89;0.001
90;0.03
91;0.0
92;0.028
93;0.021
94;0.044
95;0.043
96;0.015
97;0.004
98;0.0
99;0.002
100;0.015
101;0.051
102;0.002
103;0.005
104;0.002
105;0.0
106;0.0
107;0.012
108;0.136
109;0.004
110;0.004
111;0.042
112;0.071
113;0.003
114;0.026
115;0.024
116;0.005
117;0.001
118;0.0
119;0.039
120;0.058
121;0.021
122;0.001
123;0.0
124;0.056
125;0.033
126;0.0
127;0.0
128;0.0
129;0.0
130;0.0
131;0.0
132;0.0
133;0.0
134;0.0
135;0.0
136;0.0
137;0.0
138;0.0
139;0.0
140;0.0
141;0.004
142;0.018
143;0.011
144;0.013
145;0.087
146;0.018
147;0.022
148;0.073
149;0.014
150;0.015
151;0.0
152;0.003
153;0.0
154;0.019
155;0.007
156;0.019
157;0.018
158;0.005
159;0.0
160;0.136
161;0.009
162;0.017
163;0.191
164;0.002
165;0.042
166;0.03
167;0.0
168;0.001
169;0.012
170;0.008
171;0.058
172;0.001
173;0.0
174;0.0
175;0.001
176;0.0
177;0.023
178;0.0
179;0.0
180;0.0
181;0.0
182;0.0
183;0.0
184;0.0
185;0.005
186;0.0
187;0.0
188;0.0
189;0.0
190;0.0
191;0.03
192;0.0
193;0.009
194;0.0
195;0.0
196;0.0
197;0.018
198;0.023
199;0.076
200;0.01
201;0.0
202;0.042
203;0.0
204;0.01
205;0.018
206;0.004
207;0.0
208;0.0
209;0.003
210;0.05
211;0.01
212;0.023
213;0.008
214;0.007
215;0.014
216;0.004
217;0.062
218;0.05
219;0.003
220;0.001
221;0.039
222;0.0
223;0.0
224;0.047
225;0.013
226;0.001
227;0.0
228;0.0
229;0.0
230;0.0
231;0.0
232;0.0
233;0.0
234;0.0
235;0.008
236;0.0
237;0.014
238;0.0
239;0.0
240;0.0
241;0.003
242;0.011
243;0.027
244;0.017
245;0.035
246;0.015
247;0.001
248;0.032
249;0.001
250;0.0
251;0.0
252;0.022
253;0.01
254;0.014
255;0.019
256;0.065
257;0.0
258;0.0
259;0.0
260;0.062
261;0.004
262;0.017
263;0.006
264;0.03
265;0.079
266;0.002
267;0.0
268;0.002
269;0.027
270;0.004
271;0.0
272;0.007
273;0.008
274;0.01
275;0.003
276;0.003
277;0.008
278;0.0
279;0.0
280;0.001
281;0.001
282;0.0
283;0.0
284;0.0
285;0.0
286;0.0
287;0.0
288;0.0
289;0.0
290;0.0
291;0.0
292;0.0
293;0.0
294;0.0
295;0.0
296;0.0
297;0.022
298;0.0
299;0.0
300;0.015
301;0.0
302;0.0
303;0.033
304;0.003
305;0.087
306;0.0
307;0.0
308;0.007
309;0.012
310;0.011
311;0.0
312;0.006
313;0.001
314;0.0
315;0.004
316;0.042
317;0.018
318;0.008
319;0.064
320;0.046
321;0.029
322;0.014
323;0.04
324;0.011
325;0.01
326;0.001
327;0.0
328;0.0
329;0.008
330;0.0
331;0.0
332;0.032
333;0.009
334;0.0
335;0.012
336;0.0
337;0.001
338;0.0
339;0.0
340;0.0
341;0.0
342;0.018
343;0.0
344;0.071
345;0.002
346;0.004
347;0.0
348;0.051
349;0.0
350;0.0
351;0.001
352;0.023
353;0.01
354;0.064
355;0.0
356;0.154
357;0.0
358;0.0
359;0.007
360;0.004
361;0.0
362;0.005
363;0.009
364;0.0
365;0.01
366;0.0
367;0.021
368;0.002
369;0.0
370;0.002
371;0.005
372;0.007
373;0.001
374;0.0
375;0.029
376;0.01
377;0.001
378;0.0
379;0.001
380;0.0
381;0.0
382;0.011
383;0.003
384;0.013
385;0.003
386;0.004
387;0.0
388;0.01
389;0.002
390;0.0
391;0.0
392;0.0
393;0.0
394;0.0
395;0.0
396;0.0
397;0.001
398;0.017
399;0.0
400;0.014
401;0.021
402;0.008
403;0.03
404;0.001
405;0.0
406;0.0
407;0.0
408;0.003
409;0.0
410;0.001
411;0.002
412;0.001
413;0.055
414;0.001
415;0.018
416;0.0
417;0.0
418;0.008
419;0.016
420;0.091
421;0.002
422;0.01
423;0.033
424;0.005
425;0.005
426;0.007
427;0.001
428;0.0
429;0.003
430;0.019
431;0.001
432;0.006
433;0.001
434;0.0
435;0.0
436;0.001
437;0.0
438;0.0
439;0.001
440;0.0
441;0.0
442;0.0
443;0.0
444;0.0
445;0.006
446;0.0
447;0.0
448;0.0
449;0.0
450;0.0
451;0.0
452;0.0
453;0.035
454;0.0
455;0.024
456;0.037
457;0.002
458;0.0
459;0.001
460;0.006
461;0.009
462;0.027
463;0.0
464;0.0
465;0.007
466;0.0
467;0.0
468;0.006
469;0.005
470;0.009
471;0.006
472;0.001
473;0.0
474;0.01
475;0.019
476;0.006
477;0.022
478;0.01
479;0.002
480;0.005
481;0.033
482;0.0
483;0.0
484;0.0
485;0.006
486;0.005
487;0.013
488;0.002
489;0.001
490;0.0
491;0.0
492;0.0
493;0.007
494;0.034
495;0.0
496;0.0
497;0.0
498;0.0
499;0.0
500;0.01
501;0.007
502;0.028
503;0.026
504;0.0
505;0.003
506;0.022
507;0.004
508;0.056
509;0.023
510;0.044
511;0.064
512;0.023
513;0.021
514;0.016
515;0.0
516;0.003
517;0.004
518;0.001
519;0.002
520;0.001
521;0.002
522;0.005
523;0.001
524;0.008
525;0.009
526;0.04
527;0.0
528;0.003
529;0.002
530;0.0
531;0.002
532;0.001
533;0.002
534;0.002
535;0.001
536;0.008
537;0.001
538;0.0
539;0.0
540;0.012
541;0.034
542;0.005
543;0.003
544;0.0
545;0.0
546;0.0
547;0.0
548;0.0
549;0.001
550;0.0
551;0.0
552;0.0
553;0.0
554;0.0
555;0.0
556;0.051
557;0.012
558;0.0
559;0.003
560;0.0
561;0.017
562;0.01
563;0.0
564;0.107
565;0.019
566;0.089
567;0.031
568;0.034
569;0.0
570;0.001
571;0.009
572;0.001
573;0.0
574;0.0
575;0.0
576;0.005
577;0.0
578;0.004
579;0.001
580;0.0
581;0.0
582;0.004
583;0.006
584;0.0
585;0.05
586;0.017
587;0.001
588;0.0
589;0.001
590;0.002
591;0.0
592;0.0
593;0.0
594;0.0
595;0.002
596;0.009
597;0.0
598;0.0
599;0.0
600;0.0
601;0.013
602;0.001
603;0.0
604;0.0
605;0.0
606;0.0
607;0.0
608;0.0
609;0.0
610;0.032
611;0.085
612;0.007
613;0.0
614;0.006
615;0.023
616;0.01
617;0.0
618;0.0
619;0.025
620;0.072
621;0.01
622;0.04
623;0.003
624;0.026
625;0.008
626;0.004
627;0.0
628;0.0
629;0.005
630;0.001
631;0.002
632;0.004
633;0.0
634;0.0
635;0.001
636;0.003
637;0.05
638;0.0
639;0.0
640;0.0
641;0.01
642;0.009
643;0.001
644;0.0
645;0.001
646;0.0
647;0.001
648;0.002
649;0.005
650;0.0
651;0.0
652;0.0
653;0.0
654;0.0
655;0.0
656;0.0
657;0.0
658;0.0
659;0.0
660;0.0
661;0.012
662;0.024
663;0.003
664;0.0
665;0.031
666;0.006
667;0.019
668;0.253
669;0.056
670;0.002
671;0.113
672;0.004
673;0.026
674;0.013
675;0.008
676;0.001
677;0.002
678;0.001
