;0
0;0.031
1;0.379
2;0.092
3;0.012
4;0.02
5;0.01
6;0.001
7;0.015
8;0.012
9;0.035
10;0.007
11;0.04
12;0.001
13;0.012
14;0.068
15;0.064
16;0.015
17;0.041
18;0.0
19;0.004
20;0.002
21;0.002
22;0.0
23;0.0
24;0.0
25;0.032
26;0.0
27;0.0
28;0.0
29;0.0
30;0.0
31;0.0
32;0.008
33;0.012
34;0.018
35;0.014
36;0.027
37;0.114
38;0.108
39;0.051
40;0.008
41;0.123
42;0.031
43;0.019
44;0.004
45;0.0
46;0.0
47;0.0
48;0.009
49;0.088
50;0.016
51;0.003
52;0.005
53;0.023
54;0.171
55;0.172
56;0.034
57;0.059
58;0.078
59;0.004
60;0.0
61;0.107
62;0.04
63;0.0
64;0.0
65;0.0
66;0.016
67;0.002
68;0.023
69;0.002
70;0.0
71;0.002
72;0.007
73;0.003
74;0.001
75;0.001
76;0.002
77;0.0
78;0.002
79;0.0
80;0.0
81;0.003
82;0.019
83;0.0
84;0.0
85;0.001
86;0.0
87;0.018
88;0.048
89;0.001
90;0.045
91;0.0
92;0.094
93;0.016
94;0.05
95;0.129
96;0.019
97;0.001
98;0.0
99;0.002
100;0.026
101;0.036
102;0.007
103;0.006
104;0.07
105;0.0
106;0.0
107;0.015
108;0.28
109;0.002
110;0.005
111;0.07
112;0.105
113;0.084
114;0.07
115;0.04
116;0.005
117;0.003
118;0.0
119;0.071
120;0.114
121;0.029
122;0.022
123;0.0
124;0.04
125;0.004
126;0.001
127;0.001
128;0.004
129;0.0
130;0.0
131;0.0
132;0.0
133;0.0
134;0.0
135;0.0
136;0.0
137;0.0
138;0.0
139;0.0
140;0.0
141;0.01
142;0.052
143;0.011
144;0.004
145;0.087
146;0.07
147;0.141
148;0.081
149;0.056
150;0.034
151;0.005
152;0.001
153;0.0
154;0.035
155;0.033
156;0.017
157;0.016
158;0.036
159;0.0
160;0.043
161;0.022
162;0.021
163;0.362
164;0.003
165;0.093
166;0.082
167;0.0
168;0.002
169;0.014
170;0.019
171;0.066
172;0.002
173;0.0
174;0.003
175;0.001
176;0.007
177;0.004
178;0.0
179;0.0
180;0.0
181;0.0
182;0.0
183;0.0
184;0.0
185;0.011
186;0.0
187;0.0
188;0.003
189;0.0
190;0.0
191;0.027
192;0.0
193;0.006
194;0.0
195;0.0
196;0.0
197;0.022
198;0.023
199;0.078
200;0.008
201;0.016
202;0.068
203;0.002
204;0.012
205;0.017
206;0.018
207;0.004
208;0.001
209;0.01
210;0.054
211;0.031
212;0.033
213;0.014
214;0.013
215;0.008
216;0.082
217;0.11
218;0.071
219;0.018
220;0.019
221;0.033
222;0.006
223;0.0
224;0.046
225;0.007
226;0.001
227;0.0
228;0.0
229;0.0
230;0.002
231;0.0
232;0.0
233;0.0
234;0.0
235;0.006
236;0.0
237;0.005
238;0.0
239;0.001
240;0.006
241;0.045
242;0.015
243;0.041
244;0.005
245;0.027
246;0.023
247;0.002
248;0.015
249;0.002
250;0.0
251;0.0
252;0.015
253;0.022
254;0.008
255;0.009
256;0.059
257;0.002
258;0.0
259;0.017
260;0.072
261;0.007
262;0.007
263;0.009
264;0.038
265;0.218
266;0.008
267;0.0
268;0.0
269;0.032
270;0.033
271;0.004
272;0.018
273;0.021
274;0.02
275;0.011
276;0.009
277;0.011
278;0.008
279;0.0
280;0.003
281;0.006
282;0.002
283;0.0
284;0.019
285;0.0
286;0.0
287;0.0
288;0.0
289;0.044
290;0.0
291;0.0
292;0.0
293;0.0
294;0.0
295;0.019
296;0.0
297;0.014
298;0.0
299;0.003
300;0.051
301;0.0
302;0.0
303;0.048
304;0.048
305;0.216
306;0.0
307;0.0
308;0.004
309;0.02
310;0.022
311;0.001
312;0.053
313;0.002
314;0.0
315;0.006
316;0.072
317;0.06
318;0.003
319;0.283
320;0.137
321;0.087
322;0.055
323;0.118
324;0.07
325;0.014
326;0.004
327;0.004
328;0.0
329;0.003
330;0.0
331;0.008
332;0.009
333;0.015
334;0.013
335;0.023
336;0.0
337;0.0
338;0.001
339;0.0
340;0.0
341;0.0
342;0.008
343;0.008
344;0.116
345;0.003
346;0.0
347;0.0
348;0.055
349;0.019
350;0.0
351;0.024
352;0.171
353;0.013
354;0.062
355;0.0
356;0.241
357;0.003
358;0.0
359;0.047
360;0.008
361;0.0
362;0.005
363;0.035
364;0.0
365;0.02
366;0.004
367;0.032
368;0.002
369;0.0
370;0.001
371;0.016
372;0.006
373;0.003
374;0.006
375;0.087
376;0.03
377;0.003
378;0.0
379;0.015
380;0.0
381;0.0
382;0.015
383;0.007
384;0.005
385;0.005
386;0.006
387;0.001
388;0.014
389;0.005
390;0.004
391;0.0
392;0.0
393;0.0
394;0.0
395;0.0
396;0.002
397;0.0
398;0.043
399;0.0
400;0.01
401;0.015
402;0.004
403;0.071
404;0.0
405;0.002
406;0.002
407;0.036
408;0.008
409;0.001
410;0.019
411;0.17
412;0.047
413;0.204
414;0.007
415;0.294
416;0.008
417;0.002
418;0.002
419;0.015
420;0.258
421;0.019
422;0.012
423;0.13
424;0.0
425;0.025
426;0.008
427;0.004
428;0.0
429;0.001
430;0.049
431;0.014
432;0.003
433;0.003
434;0.0
435;0.0
436;0.011
437;0.0
438;0.0
439;0.009
440;0.0
441;0.001
442;0.0
443;0.0
444;0.0
445;0.005
446;0.0
447;0.0
448;0.004
449;0.0
450;0.003
451;0.0
452;0.0
453;0.035
454;0.0
455;0.019
456;0.146
457;0.001
458;0.0
459;0.001
460;0.003
461;0.01
462;0.042
463;0.004
464;0.003
465;0.013
466;0.0
467;0.0
468;0.015
469;0.011
470;0.004
471;0.008
472;0.004
473;0.0
474;0.036
475;0.049
476;0.015
477;0.053
478;0.014
479;0.005
480;0.015
481;0.018
482;0.0
483;0.0
484;0.0
485;0.003
486;0.008
487;0.031
488;0.004
489;0.002
490;0.0
491;0.0
492;0.0
493;0.021
494;0.091
495;0.0
496;0.0
497;0.0
498;0.001
499;0.0
500;0.024
501;0.052
502;0.05
503;0.036
504;0.001
505;0.0
506;0.028
507;0.092
508;0.057
509;0.056
510;0.19
511;0.053
512;0.049
513;0.068
514;0.036
515;0.024
516;0.01
517;0.009
518;0.012
519;0.009
520;0.008
521;0.006
522;0.006
523;0.004
524;0.01
525;0.015
526;0.085
527;0.0
528;0.004
529;0.005
530;0.004
531;0.006
532;0.006
533;0.004
534;0.004
535;0.055
536;0.036
537;0.004
538;0.0
539;0.002
540;0.026
541;0.052
542;0.012
543;0.005
544;0.0
545;0.0
546;0.001
547;0.009
548;0.001
549;0.003
550;0.0
551;0.0
552;0.0
553;0.0
554;0.0
555;0.016
556;0.076
557;0.012
558;0.0
559;0.016
560;0.0
561;0.027
562;0.003
563;0.0
564;0.084
565;0.045
566;0.116
567;0.025
568;0.054
569;0.002
570;0.017
571;0.021
572;0.024
573;0.004
574;0.0
575;0.005
576;0.077
577;0.0
578;0.007
579;0.0
580;0.0
581;0.0
582;0.002
583;0.007
584;0.004
585;0.179
586;0.031
587;0.005
588;0.001
589;0.007
590;0.022
591;0.0
592;0.0
593;0.002
594;0.0
595;0.004
596;0.008
597;0.0
598;0.0
599;0.0
600;0.001
601;0.059
602;0.023
603;0.0
604;0.018
605;0.002
606;0.0
607;0.0
608;0.001
609;0.014
610;0.046
611;0.014
612;0.013
613;0.0
614;0.008
615;0.042
616;0.015
617;0.0
618;0.0
619;0.034
620;0.184
621;0.091
622;0.066
623;0.006
624;0.067
625;0.016
626;0.011
627;0.01
628;0.02
629;0.014
630;0.001
631;0.007
632;0.022
633;0.0
634;0.0
635;0.0
636;0.007
637;0.083
638;0.0
639;0.003
640;0.005
641;0.021
642;0.011
643;0.002
644;0.0
645;0.001
646;0.0
647;0.0
648;0.0
649;0.018
650;0.0
651;0.0
652;0.0
653;0.0
654;0.0
655;0.0
656;0.0
657;0.0
658;0.0
659;0.0
660;0.006
661;0.064
662;0.007
663;0.009
664;0.006
665;0.037
666;0.006
667;0.013
668;0.278
669;0.062
670;0.028
671;0.147
672;0.007
673;0.069
674;0.016
675;0.075
676;0.012
677;0.011
678;0.0
