;0
0;0.021
1;0.063
2;0.037
3;0.06
4;0.033
5;0.026
6;0.072
7;0.011
8;0.014
9;0.02
10;0.003
11;0.036
12;0.006
13;0.003
14;0.009
15;0.036
16;0.008
17;0.002
18;0.0
19;0.001
20;0.0
21;0.008
22;0.0
23;0.0
24;0.017
25;0.0
26;0.0
27;0.0
28;0.0
29;0.0
30;0.0
31;0.0
32;0.0
33;0.0
34;0.003
35;0.006
36;0.066
37;0.039
38;0.013
39;0.082
40;0.006
41;0.063
42;0.113
43;0.009
44;0.03
45;0.001
46;0.0
47;0.019
48;0.016
49;0.032
50;0.033
51;0.029
52;0.0
53;0.024
54;0.069
55;0.052
56;0.037
57;0.031
58;0.037
59;0.008
60;0.0
61;0.066
62;0.049
63;0.0
64;0.0
65;0.0
66;0.009
67;0.011
68;0.02
69;0.001
70;0.0
71;0.0
72;0.004
73;0.0
74;0.0
75;0.0
76;0.003
77;0.0
78;0.0
79;0.0
80;0.0
81;0.003
82;0.0
83;0.0
84;0.0
85;0.0
86;0.0
87;0.043
88;0.052
89;0.001
90;0.033
91;0.0
92;0.053
93;0.076
94;0.033
95;0.013
96;0.009
97;0.018
98;0.003
99;0.004
100;0.008
101;0.016
102;0.024
103;0.012
104;0.0
105;0.001
106;0.0
107;0.008
108;0.039
109;0.004
110;0.0
111;0.071
112;0.044
113;0.017
114;0.004
115;0.024
116;0.002
117;0.017
118;0.0
119;0.027
120;0.007
121;0.016
122;0.011
123;0.0
124;0.026
125;0.013
126;0.017
127;0.0
128;0.0
129;0.0
130;0.0
131;0.0
132;0.001
133;0.0
134;0.001
135;0.0
136;0.0
137;0.0
138;0.0
139;0.0
140;0.0
141;0.031
142;0.008
143;0.0
144;0.03
145;0.084
146;0.02
147;0.0
148;0.001
149;0.023
150;0.008
151;0.0
152;0.008
153;0.001
154;0.064
155;0.018
156;0.033
157;0.041
158;0.001
159;0.011
160;0.009
161;0.045
162;0.037
163;0.032
164;0.01
165;0.04
166;0.014
167;0.0
168;0.002
169;0.0
170;0.013
171;0.022
172;0.002
173;0.0
174;0.0
175;0.0
176;0.011
177;0.001
178;0.0
179;0.0
180;0.0
181;0.0
182;0.0
183;0.0
184;0.0
185;0.016
186;0.0
187;0.0
188;0.0
189;0.0
190;0.006
191;0.008
192;0.0
193;0.012
194;0.0
195;0.01
196;0.0
197;0.015
198;0.0
199;0.013
200;0.012
201;0.0
202;0.064
203;0.009
204;0.017
205;0.052
206;0.013
207;0.009
208;0.0
209;0.001
210;0.023
211;0.032
212;0.039
213;0.006
214;0.025
215;0.035
216;0.02
217;0.035
218;0.02
219;0.03
220;0.021
221;0.011
222;0.002
223;0.0
224;0.008
225;0.0
226;0.006
227;0.0
228;0.001
229;0.0
230;0.0
231;0.0
232;0.0
233;0.0
234;0.0
235;0.0
236;0.0
237;0.0
238;0.0
239;0.0
240;0.013
241;0.031
242;0.0
243;0.01
244;0.005
245;0.017
246;0.015
247;0.013
248;0.008
249;0.032
250;0.0
251;0.0
252;0.019
253;0.021
254;0.026
255;0.021
256;0.032
257;0.002
258;0.011
259;0.0
260;0.047
261;0.006
262;0.007
263;0.021
264;0.058
265;0.04
266;0.016
267;0.007
268;0.01
269;0.039
270;0.04
271;0.002
272;0.033
273;0.008
274;0.033
275;0.004
276;0.055
277;0.018
278;0.02
279;0.001
280;0.003
281;0.017
282;0.008
283;0.0
284;0.001
285;0.0
286;0.001
287;0.0
288;0.002
289;0.0
290;0.0
291;0.0
292;0.0
293;0.0
294;0.0
295;0.022
296;0.002
297;0.0
298;0.0
299;0.019
300;0.028
301;0.0
302;0.002
303;0.028
304;0.012
305;0.027
306;0.003
307;0.001
308;0.002
309;0.045
310;0.002
311;0.016
312;0.059
313;0.023
314;0.0
315;0.023
316;0.092
317;0.028
318;0.054
319;0.002
320;0.061
321;0.012
322;0.062
323;0.019
324;0.004
325;0.025
326;0.023
327;0.0
328;0.002
329;0.0
330;0.0
331;0.0
332;0.01
333;0.027
334;0.012
335;0.006
336;0.0
337;0.02
338;0.016
339;0.0
340;0.0
341;0.0
342;0.029
343;0.0
344;0.043
345;0.019
346;0.0
347;0.0
348;0.046
349;0.021
350;0.018
351;0.01
352;0.021
353;0.019
354;0.091
355;0.03
356;0.051
357;0.017
358;0.0
359;0.043
360;0.034
361;0.002
362;0.049
363;0.011
364;0.001
365;0.023
366;0.001
367;0.04
368;0.01
369;0.0
370;0.001
371;0.01
372;0.02
373;0.019
374;0.022
375;0.035
376;0.015
377;0.01
378;0.0
379;0.021
380;0.0
381;0.0
382;0.014
383;0.005
384;0.004
385;0.001
386;0.001
387;0.003
388;0.0
389;0.003
390;0.0
391;0.0
392;0.0
393;0.003
394;0.001
395;0.0
396;0.005
397;0.0
398;0.024
399;0.0
400;0.012
401;0.025
402;0.001
403;0.035
404;0.011
405;0.014
406;0.001
407;0.023
408;0.054
409;0.015
410;0.005
411;0.0
412;0.051
413;0.001
414;0.003
415;0.006
416;0.001
417;0.005
418;0.032
419;0.008
420;0.011
421;0.004
422;0.015
423;0.012
424;0.002
425;0.01
426;0.029
427;0.0
428;0.0
429;0.002
430;0.013
431;0.0
432;0.0
433;0.0
434;0.001
435;0.0
436;0.0
437;0.02
438;0.0
439;0.022
440;0.0
441;0.0
442;0.0
443;0.002
444;0.0
445;0.025
446;0.003
447;0.0
448;0.0
449;0.0
450;0.0
451;0.0
452;0.002
453;0.026
454;0.003
455;0.042
456;0.002
457;0.008
458;0.0
459;0.008
460;0.012
461;0.012
462;0.02
463;0.035
464;0.013
465;0.045
466;0.005
467;0.02
468;0.003
469;0.025
470;0.016
471;0.028
472;0.001
473;0.0
474;0.004
475;0.08
476;0.005
477;0.043
478;0.006
479;0.003
480;0.012
481;0.062
482;0.0
483;0.001
484;0.019
485;0.0
486;0.0
487;0.006
488;0.002
489;0.004
490;0.0
491;0.0
492;0.001
493;0.085
494;0.011
495;0.0
496;0.0
497;0.0
498;0.004
499;0.0
500;0.001
501;0.012
502;0.044
503;0.037
504;0.0
505;0.001
506;0.003
507;0.006
508;0.017
509;0.012
510;0.012
511;0.04
512;0.013
513;0.045
514;0.0
515;0.014
516;0.03
517;0.009
518;0.011
519;0.057
520;0.01
521;0.012
522;0.037
523;0.028
524;0.004
525;0.027
526;0.059
527;0.007
528;0.001
529;0.014
530;0.001
531;0.005
532;0.027
533;0.007
534;0.018
535;0.014
536;0.014
537;0.004
538;0.0
539;0.021
540;0.034
541;0.008
542;0.001
543;0.0
544;0.0
545;0.0
546;0.0
547;0.0
548;0.0
549;0.003
550;0.0
551;0.0
552;0.0
553;0.0
554;0.0
555;0.009
556;0.058
557;0.019
558;0.0
559;0.0
560;0.0
561;0.069
562;0.0
563;0.0
564;0.012
565;0.03
566;0.065
567;0.011
568;0.023
569;0.0
570;0.015
571;0.022
572;0.01
573;0.024
574;0.0
575;0.0
576;0.0
577;0.002
578;0.004
579;0.003
580;0.0
581;0.0
582;0.004
583;0.028
584;0.0
585;0.05
586;0.021
587;0.003
588;0.0
589;0.004
590;0.001
591;0.0
592;0.0
593;0.001
594;0.0
595;0.0
596;0.022
597;0.0
598;0.0
599;0.0
600;0.014
601;0.024
602;0.005
603;0.0
604;0.006
605;0.005
606;0.0
607;0.0
608;0.006
609;0.0
610;0.011
611;0.008
612;0.006
613;0.002
614;0.012
615;0.012
616;0.04
617;0.002
618;0.0
619;0.008
620;0.027
621;0.013
622;0.05
623;0.042
624;0.003
625;0.029
626;0.0
627;0.006
628;0.022
629;0.022
630;0.013
631;0.023
632;0.012
633;0.0
634;0.0
635;0.015
636;0.028
637;0.053
638;0.0
639;0.0
640;0.0
641;0.016
642;0.032
643;0.009
644;0.0
645;0.0
646;0.0
647;0.002
648;0.005
649;0.021
650;0.0
651;0.0
652;0.0
653;0.0
654;0.056
655;0.0
656;0.0
657;0.0
658;0.0
659;0.0
660;0.01
661;0.029
662;0.011
663;0.004
664;0.001
665;0.045
666;0.098
667;0.058
668;0.019
669;0.035
670;0.033
671;0.04
672;0.002
673;0.036
674;0.05
675;0.082
676;0.001
677;0.002
678;0.0
