;0
0;0.018
1;0.085
2;0.056
3;0.056
4;0.027
5;0.036
6;0.064
7;0.016
8;0.007
9;0.058
10;0.001
11;0.053
12;0.004
13;0.0
14;0.033
15;0.045
16;0.001
17;0.004
18;0.0
19;0.0
20;0.0
21;0.011
22;0.0
23;0.0
24;0.008
25;0.0
26;0.0
27;0.0
28;0.0
29;0.0
30;0.0
31;0.0
32;0.0
33;0.0
34;0.007
35;0.015
36;0.053
37;0.028
38;0.004
39;0.059
40;0.01
41;0.045
42;0.078
43;0.011
44;0.018
45;0.0
46;0.0
47;0.011
48;0.031
49;0.038
50;0.016
51;0.017
52;0.002
53;0.03
54;0.103
55;0.061
56;0.03
57;0.042
58;0.067
59;0.004
60;0.0
61;0.078
62;0.024
63;0.0
64;0.0
65;0.0
66;0.015
67;0.009
68;0.016
69;0.0
70;0.0
71;0.001
72;0.033
73;0.0
74;0.0
75;0.0
76;0.002
77;0.0
78;0.0
79;0.0
80;0.0
81;0.002
82;0.0
83;0.0
84;0.0
85;0.0
86;0.0
87;0.031
88;0.04
89;0.002
90;0.034
91;0.0
92;0.079
93;0.069
94;0.026
95;0.009
96;0.016
97;0.006
98;0.009
99;0.005
100;0.001
101;0.011
102;0.013
103;0.008
104;0.005
105;0.003
106;0.001
107;0.017
108;0.094
109;0.002
110;0.001
111;0.137
112;0.046
113;0.023
114;0.018
115;0.019
116;0.0
117;0.005
118;0.0
119;0.021
120;0.008
121;0.031
122;0.01
123;0.002
124;0.033
125;0.0
126;0.0
127;0.005
128;0.0
129;0.0
130;0.0
131;0.0
132;0.0
133;0.0
134;0.0
135;0.001
136;0.0
137;0.0
138;0.01
139;0.002
140;0.0
141;0.035
142;0.026
143;0.001
144;0.037
145;0.015
146;0.017
147;0.002
148;0.009
149;0.008
150;0.016
151;0.002
152;0.008
153;0.0
154;0.069
155;0.042
156;0.036
157;0.048
158;0.003
159;0.004
160;0.03
161;0.053
162;0.004
163;0.061
164;0.012
165;0.029
166;0.026
167;0.0
168;0.0
169;0.0
170;0.013
171;0.048
172;0.004
173;0.0
174;0.0
175;0.0
176;0.012
177;0.001
178;0.001
179;0.0
180;0.0
181;0.0
182;0.0
183;0.0
184;0.0
185;0.01
186;0.001
187;0.001
188;0.0
189;0.0
190;0.0
191;0.011
192;0.001
193;0.011
194;0.0
195;0.004
196;0.0
197;0.02
198;0.002
199;0.029
200;0.005
201;0.0
202;0.014
203;0.001
204;0.027
205;0.068
206;0.018
207;0.031
208;0.003
209;0.001
210;0.031
211;0.024
212;0.059
213;0.011
214;0.041
215;0.02
216;0.016
217;0.048
218;0.037
219;0.036
220;0.021
221;0.018
222;0.0
223;0.0
224;0.012
225;0.002
226;0.001
227;0.001
228;0.001
229;0.0
230;0.0
231;0.0
232;0.0
233;0.0
234;0.0
235;0.021
236;0.0
237;0.0
238;0.0
239;0.0
240;0.009
241;0.026
242;0.002
243;0.02
244;0.004
245;0.034
246;0.001
247;0.0
248;0.044
249;0.004
250;0.0
251;0.0
252;0.034
253;0.008
254;0.048
255;0.031
256;0.025
257;0.0
258;0.004
259;0.001
260;0.05
261;0.01
262;0.018
263;0.039
264;0.079
265;0.11
266;0.022
267;0.002
268;0.002
269;0.045
270;0.027
271;0.0
272;0.031
273;0.012
274;0.073
275;0.002
276;0.042
277;0.022
278;0.007
279;0.0
280;0.007
281;0.016
282;0.006
283;0.001
284;0.0
285;0.0
286;0.0
287;0.0
288;0.0
289;0.0
290;0.0
291;0.0
292;0.0
293;0.0
294;0.0
295;0.016
296;0.0
297;0.0
298;0.001
299;0.0
300;0.019
301;0.0
302;0.004
303;0.041
304;0.011
305;0.069
306;0.001
307;0.0
308;0.011
309;0.027
310;0.012
311;0.002
312;0.04
313;0.02
314;0.0
315;0.027
316;0.105
317;0.043
318;0.034
319;0.028
320;0.13
321;0.025
322;0.07
323;0.049
324;0.01
325;0.05
326;0.016
327;0.0
328;0.0
329;0.0
330;0.0
331;0.0
332;0.046
333;0.005
334;0.002
335;0.009
336;0.0
337;0.009
338;0.0
339;0.0
340;0.0
341;0.0
342;0.002
343;0.0
344;0.041
345;0.0
346;0.0
347;0.0
348;0.055
349;0.012
350;0.034
351;0.032
352;0.017
353;0.015
354;0.083
355;0.027
356;0.051
357;0.001
358;0.0
359;0.039
360;0.044
361;0.001
362;0.004
363;0.001
364;0.0
365;0.03
366;0.002
367;0.029
368;0.004
369;0.0
370;0.005
371;0.015
372;0.003
373;0.021
374;0.017
375;0.042
376;0.015
377;0.009
378;0.0
379;0.025
380;0.0
381;0.0
382;0.021
383;0.01
384;0.003
385;0.004
386;0.002
387;0.004
388;0.0
389;0.019
390;0.004
391;0.0
392;0.0
393;0.005
394;0.0
395;0.0
396;0.001
397;0.0
398;0.008
399;0.0
400;0.002
401;0.008
402;0.002
403;0.015
404;0.021
405;0.005
406;0.0
407;0.028
408;0.019
409;0.011
410;0.008
411;0.004
412;0.093
413;0.001
414;0.014
415;0.035
416;0.0
417;0.009
418;0.023
419;0.045
420;0.041
421;0.003
422;0.029
423;0.036
424;0.001
425;0.007
426;0.116
427;0.001
428;0.0
429;0.0
430;0.038
431;0.0
432;0.0
433;0.001
434;0.0
435;0.0
436;0.0
437;0.003
438;0.0
439;0.001
440;0.0
441;0.001
442;0.0
443;0.0
444;0.0
445;0.004
446;0.0
447;0.0
448;0.0
449;0.0
450;0.0
451;0.0
452;0.0
453;0.04
454;0.0
455;0.028
456;0.002
457;0.015
458;0.0
459;0.005
460;0.004
461;0.016
462;0.021
463;0.011
464;0.013
465;0.017
466;0.002
467;0.005
468;0.007
469;0.018
470;0.005
471;0.015
472;0.001
473;0.0
474;0.022
475;0.061
476;0.018
477;0.075
478;0.007
479;0.008
480;0.012
481;0.075
482;0.0
483;0.0
484;0.015
485;0.022
486;0.023
487;0.02
488;0.0
489;0.007
490;0.0
491;0.0
492;0.002
493;0.04
494;0.021
495;0.0
496;0.0
497;0.0
498;0.003
499;0.0
500;0.01
501;0.04
502;0.092
503;0.001
504;0.001
505;0.0
506;0.001
507;0.079
508;0.022
509;0.015
510;0.031
511;0.038
512;0.043
513;0.083
514;0.0
515;0.01
516;0.072
517;0.004
518;0.021
519;0.046
520;0.001
521;0.029
522;0.053
523;0.033
524;0.011
525;0.056
526;0.045
527;0.02
528;0.001
529;0.016
530;0.006
531;0.024
532;0.025
533;0.002
534;0.006
535;0.023
536;0.017
537;0.003
538;0.0
539;0.006
540;0.002
541;0.015
542;0.008
543;0.0
544;0.0
545;0.0
546;0.0
547;0.0
548;0.0
549;0.015
550;0.0
551;0.0
552;0.0
553;0.0
554;0.0
555;0.012
556;0.021
557;0.101
558;0.0
559;0.0
560;0.004
561;0.064
562;0.0
563;0.0
564;0.026
565;0.038
566;0.094
567;0.049
568;0.042
569;0.0
570;0.021
571;0.056
572;0.021
573;0.022
574;0.0
575;0.0
576;0.003
577;0.0
578;0.011
579;0.006
580;0.0
581;0.0
582;0.006
583;0.014
584;0.0
585;0.077
586;0.03
587;0.005
588;0.0
589;0.002
590;0.005
591;0.0
592;0.0
593;0.002
594;0.001
595;0.0
596;0.013
597;0.0
598;0.0
599;0.0
600;0.0
601;0.024
602;0.0
603;0.0
604;0.0
605;0.018
606;0.0
607;0.0
608;0.0
609;0.004
610;0.058
611;0.083
612;0.009
613;0.0
614;0.013
615;0.004
616;0.019
617;0.0
618;0.0
619;0.02
620;0.008
621;0.034
622;0.053
623;0.026
624;0.005
625;0.022
626;0.009
627;0.006
628;0.046
629;0.02
630;0.029
631;0.023
632;0.025
633;0.0
634;0.0
635;0.012
636;0.032
637;0.05
638;0.001
639;0.002
640;0.0
641;0.015
642;0.036
643;0.01
644;0.001
645;0.0
646;0.0
647;0.0
648;0.0
649;0.001
650;0.0
651;0.0
652;0.0
653;0.0
654;0.021
655;0.0
656;0.0
657;0.0
658;0.0
659;0.0
660;0.001
661;0.015
662;0.017
663;0.0
664;0.0
665;0.061
666;0.03
667;0.013
668;0.016
669;0.056
670;0.109
671;0.094
672;0.011
673;0.048
674;0.086
675;0.076
676;0.0
677;0.005
678;0.0
