;0
0;0.017
1;0.001
2;0.0
3;0.0
4;0.013
5;0.01
6;0.016
7;0.016
8;0.02
9;0.056
10;0.0
11;0.014
12;0.002
13;0.001
14;0.097
15;0.033
16;0.007
17;0.008
18;0.0
19;0.001
20;0.0
21;0.009
22;0.0
23;0.0
24;0.0
25;0.0
26;0.0
27;0.0
28;0.0
29;0.0
30;0.0
31;0.0
32;0.012
33;0.005
34;0.0
35;0.003
36;0.023
37;0.063
38;0.041
39;0.056
40;0.003
41;0.037
42;0.01
43;0.003
44;0.021
45;0.0
46;0.0
47;0.001
48;0.006
49;0.028
50;0.026
51;0.002
52;0.003
53;0.055
54;0.094
55;0.025
56;0.016
57;0.044
58;0.079
59;0.001
60;0.0
61;0.086
62;0.032
63;0.0
64;0.0
65;0.0
66;0.01
67;0.002
68;0.023
69;0.002
70;0.0
71;0.007
72;0.003
73;0.001
74;0.0
75;0.0
76;0.004
77;0.0
78;0.0
79;0.0
80;0.004
81;0.0
82;0.0
83;0.0
84;0.0
85;0.003
86;0.0
87;0.085
88;0.025
89;0.001
90;0.053
91;0.001
92;0.044
93;0.038
94;0.061
95;0.033
96;0.012
97;0.007
98;0.018
99;0.004
100;0.018
101;0.011
102;0.002
103;0.013
104;0.002
105;0.002
106;0.0
107;0.045
108;0.133
109;0.007
110;0.005
111;0.065
112;0.081
113;0.018
114;0.027
115;0.032
116;0.003
117;0.005
118;0.001
119;0.017
120;0.069
121;0.022
122;0.0
123;0.0
124;0.072
125;0.009
126;0.036
127;0.0
128;0.025
129;0.0
130;0.0
131;0.0
132;0.0
133;0.0
134;0.0
135;0.0
136;0.001
137;0.0
138;0.0
139;0.0
140;0.0
141;0.011
142;0.034
143;0.013
144;0.03
145;0.012
146;0.023
147;0.12
148;0.02
149;0.018
150;0.022
151;0.004
152;0.021
153;0.001
154;0.038
155;0.038
156;0.001
157;0.016
158;0.005
159;0.016
160;0.095
161;0.011
162;0.042
163;0.119
164;0.004
165;0.025
166;0.051
167;0.0
168;0.0
169;0.009
170;0.014
171;0.041
172;0.0
173;0.0
174;0.0
175;0.002
176;0.001
177;0.0
178;0.0
179;0.0
180;0.0
181;0.0
182;0.0
183;0.0
184;0.0
185;0.003
186;0.0
187;0.0
188;0.035
189;0.001
190;0.0
191;0.055
192;0.0
193;0.009
194;0.001
195;0.001
196;0.0
197;0.039
198;0.002
199;0.015
200;0.016
201;0.001
202;0.041
203;0.003
204;0.011
205;0.018
206;0.01
207;0.001
208;0.008
209;0.001
210;0.038
211;0.02
212;0.041
213;0.009
214;0.039
215;0.008
216;0.009
217;0.019
218;0.018
219;0.037
220;0.017
221;0.017
222;0.002
223;0.0
224;0.033
225;0.008
226;0.003
227;0.0
228;0.001
229;0.001
230;0.0
231;0.0
232;0.0
233;0.0
234;0.0
235;0.0
236;0.0
237;0.0
238;0.0
239;0.0
240;0.001
241;0.015
242;0.003
243;0.02
244;0.008
245;0.01
246;0.004
247;0.001
248;0.036
249;0.001
250;0.001
251;0.001
252;0.039
253;0.04
254;0.02
255;0.025
256;0.082
257;0.0
258;0.0
259;0.007
260;0.059
261;0.011
262;0.021
263;0.01
264;0.06
265;0.065
266;0.026
267;0.001
268;0.001
269;0.062
270;0.02
271;0.005
272;0.008
273;0.005
274;0.017
275;0.009
276;0.008
277;0.012
278;0.015
279;0.0
280;0.004
281;0.002
282;0.004
283;0.0
284;0.0
285;0.001
286;0.0
287;0.0
288;0.001
289;0.0
290;0.0
291;0.0
292;0.0
293;0.0
294;0.0
295;0.0
296;0.0
297;0.0
298;0.001
299;0.019
300;0.019
301;0.001
302;0.003
303;0.003
304;0.011
305;0.073
306;0.001
307;0.011
308;0.03
309;0.015
310;0.014
311;0.001
312;0.006
313;0.004
314;0.001
315;0.003
316;0.085
317;0.037
318;0.01
319;0.136
320;0.124
321;0.021
322;0.035
323;0.026
324;0.029
325;0.013
326;0.001
327;0.0
328;0.0
329;0.0
330;0.0
331;0.004
332;0.004
333;0.0
334;0.0
335;0.029
336;0.0
337;0.0
338;0.0
339;0.0
340;0.0
341;0.0
342;0.0
343;0.0
344;0.098
345;0.004
346;0.0
347;0.055
348;0.052
349;0.006
350;0.0
351;0.013
352;0.01
353;0.015
354;0.003
355;0.016
356;0.024
357;0.007
358;0.0
359;0.049
360;0.033
361;0.001
362;0.0
363;0.005
364;0.006
365;0.02
366;0.002
367;0.011
368;0.0
369;0.0
370;0.002
371;0.011
372;0.007
373;0.002
374;0.012
375;0.044
376;0.027
377;0.008
378;0.0
379;0.009
380;0.0
381;0.0
382;0.013
383;0.005
384;0.003
385;0.0
386;0.003
387;0.001
388;0.0
389;0.002
390;0.027
391;0.0
392;0.0
393;0.0
394;0.0
395;0.0
396;0.0
397;0.0
398;0.029
399;0.026
400;0.054
401;0.0
402;0.004
403;0.066
404;0.0
405;0.028
406;0.0
407;0.043
408;0.004
409;0.021
410;0.047
411;0.069
412;0.001
413;0.022
414;0.002
415;0.039
416;0.009
417;0.0
418;0.068
419;0.045
420;0.076
421;0.012
422;0.0
423;0.005
424;0.001
425;0.004
426;0.003
427;0.001
428;0.001
429;0.001
430;0.059
431;0.005
432;0.0
433;0.006
434;0.0
435;0.0
436;0.009
437;0.0
438;0.0
439;0.003
440;0.0
441;0.011
442;0.0
443;0.0
444;0.0
445;0.035
446;0.0
447;0.0
448;0.0
449;0.0
450;0.0
451;0.0
452;0.0
453;0.041
454;0.0
455;0.022
456;0.06
457;0.035
458;0.0
459;0.0
460;0.007
461;0.0
462;0.004
463;0.0
464;0.0
465;0.0
466;0.0
467;0.002
468;0.03
469;0.011
470;0.009
471;0.027
472;0.001
473;0.003
474;0.031
475;0.059
476;0.016
477;0.069
478;0.02
479;0.003
480;0.006
481;0.036
482;0.001
483;0.0
484;0.006
485;0.001
486;0.014
487;0.03
488;0.002
489;0.0
490;0.0
491;0.0
492;0.0
493;0.1
494;0.014
495;0.0
496;0.001
497;0.0
498;0.0
499;0.0
500;0.01
501;0.001
502;0.049
503;0.0
504;0.0
505;0.026
506;0.006
507;0.009
508;0.035
509;0.016
510;0.062
511;0.047
512;0.041
513;0.041
514;0.01
515;0.011
516;0.018
517;0.016
518;0.003
519;0.033
520;0.002
521;0.001
522;0.031
523;0.006
524;0.023
525;0.036
526;0.04
527;0.0
528;0.006
529;0.022
530;0.003
531;0.002
532;0.003
533;0.013
534;0.0
535;0.042
536;0.009
537;0.002
538;0.0
539;0.003
540;0.011
541;0.014
542;0.017
543;0.005
544;0.0
545;0.0
546;0.0
547;0.003
548;0.0
549;0.001
550;0.0
551;0.0
552;0.0
553;0.0
554;0.0
555;0.0
556;0.034
557;0.007
558;0.0
559;0.012
560;0.0
561;0.042
562;0.043
563;0.001
564;0.063
565;0.018
566;0.007
567;0.025
568;0.072
569;0.001
570;0.007
571;0.03
572;0.016
573;0.028
574;0.0
575;0.0
576;0.011
577;0.002
578;0.001
579;0.001
580;0.0
581;0.0
582;0.011
583;0.022
584;0.008
585;0.114
586;0.021
587;0.013
588;0.0
589;0.001
590;0.026
591;0.0
592;0.0
593;0.001
594;0.008
595;0.0
596;0.003
597;0.0
598;0.0
599;0.0
600;0.001
601;0.018
602;0.011
603;0.0
604;0.0
605;0.0
606;0.0
607;0.0
608;0.0
609;0.0
610;0.033
611;0.0
612;0.032
613;0.002
614;0.013
615;0.004
616;0.007
617;0.0
618;0.0
619;0.001
620;0.0
621;0.0
622;0.0
623;0.024
624;0.014
625;0.006
626;0.019
627;0.007
628;0.008
629;0.018
630;0.019
631;0.014
632;0.007
633;0.002
634;0.0
635;0.007
636;0.001
637;0.033
638;0.0
639;0.0
640;0.0
641;0.01
642;0.001
643;0.0
644;0.0
645;0.0
646;0.0
647;0.0
648;0.002
649;0.022
650;0.0
651;0.0
652;0.0
653;0.0
654;0.0
655;0.0
656;0.0
657;0.0
658;0.01
659;0.009
660;0.0
661;0.028
662;0.012
663;0.0
664;0.001
665;0.051
666;0.001
667;0.004
668;0.041
669;0.102
670;0.006
671;0.096
672;0.019
673;0.093
674;0.037
675;0.044
676;0.0
677;0.008
678;0.001
