;0
0;0.011
1;0.078
2;0.059
3;0.011
4;0.012
5;0.007
6;0.0
7;0.006
8;0.012
9;0.031
10;0.0
11;0.013
12;0.005
13;0.006
14;0.025
15;0.029
16;0.021
17;0.015
18;0.0
19;0.001
20;0.0
21;0.003
22;0.0
23;0.0
24;0.001
25;0.003
26;0.0
27;0.0
28;0.0
29;0.0
30;0.0
31;0.0
32;0.018
33;0.0
34;0.008
35;0.0
36;0.017
37;0.066
38;0.026
39;0.039
40;0.001
41;0.029
42;0.011
43;0.002
44;0.005
45;0.0
46;0.0
47;0.0
48;0.005
49;0.013
50;0.007
51;0.001
52;0.0
53;0.019
54;0.082
55;0.023
56;0.014
57;0.016
58;0.052
59;0.001
60;0.0
61;0.058
62;0.023
63;0.0
64;0.0
65;0.0
66;0.002
67;0.003
68;0.008
69;0.0
70;0.0
71;0.0
72;0.003
73;0.0
74;0.0
75;0.0
76;0.001
77;0.0
78;0.01
79;0.0
80;0.0
81;0.0
82;0.0
83;0.0
84;0.0
85;0.001
86;0.0
87;0.042
88;0.024
89;0.012
90;0.018
91;0.0
92;0.02
93;0.017
94;0.024
95;0.01
96;0.016
97;0.003
98;0.0
99;0.001
100;0.001
101;0.01
102;0.001
103;0.001
104;0.003
105;0.0
106;0.0
107;0.008
108;0.061
109;0.005
110;0.002
111;0.024
112;0.039
113;0.002
114;0.014
115;0.013
116;0.002
117;0.0
118;0.0
119;0.029
120;0.015
121;0.016
122;0.0
123;0.0
124;0.028
125;0.008
126;0.0
127;0.004
128;0.0
129;0.0
130;0.0
131;0.0
132;0.0
133;0.0
134;0.0
135;0.0
136;0.0
137;0.0
138;0.0
139;0.0
140;0.0
141;0.029
142;0.01
143;0.0
144;0.009
145;0.023
146;0.005
147;0.011
148;0.054
149;0.01
150;0.011
151;0.002
152;0.0
153;0.0
154;0.017
155;0.013
156;0.011
157;0.012
158;0.002
159;0.0
160;0.072
161;0.013
162;0.017
163;0.087
164;0.001
165;0.016
166;0.01
167;0.0
168;0.001
169;0.006
170;0.01
171;0.034
172;0.0
173;0.0
174;0.0
175;0.001
176;0.001
177;0.027
178;0.0
179;0.0
180;0.0
181;0.0
182;0.0
183;0.0
184;0.0
185;0.007
186;0.0
187;0.0
188;0.004
189;0.0
190;0.0
191;0.03
192;0.0
193;0.01
194;0.0
195;0.0
196;0.0
197;0.015
198;0.01
199;0.071
200;0.005
201;0.0
202;0.019
203;0.0
204;0.011
205;0.019
206;0.002
207;0.0
208;0.002
209;0.0
210;0.028
211;0.007
212;0.022
213;0.002
214;0.01
215;0.006
216;0.004
217;0.047
218;0.03
219;0.004
220;0.001
221;0.022
222;0.0
223;0.0
224;0.037
225;0.005
226;0.001
227;0.0
228;0.001
229;0.0
230;0.0
231;0.0
232;0.0
233;0.0
234;0.0
235;0.034
236;0.0
237;0.008
238;0.0
239;0.001
240;0.008
241;0.012
242;0.0
243;0.02
244;0.036
245;0.017
246;0.01
247;0.003
248;0.003
249;0.001
250;0.0
251;0.0
252;0.017
253;0.006
254;0.008
255;0.016
256;0.037
257;0.0
258;0.0
259;0.005
260;0.038
261;0.001
262;0.014
263;0.007
264;0.027
265;0.049
266;0.004
267;0.0
268;0.0
269;0.027
270;0.016
271;0.001
272;0.006
273;0.001
274;0.009
275;0.001
276;0.001
277;0.005
278;0.001
279;0.0
280;0.001
281;0.004
282;0.0
283;0.003
284;0.021
285;0.0
286;0.0
287;0.0
288;0.0
289;0.003
290;0.0
291;0.0
292;0.0
293;0.0
294;0.0
295;0.006
296;0.0
297;0.0
298;0.003
299;0.001
300;0.031
301;0.0
302;0.0
303;0.024
304;0.002
305;0.052
306;0.0
307;0.0
308;0.016
309;0.003
310;0.007
311;0.0
312;0.01
313;0.001
314;0.0
315;0.01
316;0.053
317;0.023
318;0.006
319;0.069
320;0.055
321;0.013
322;0.013
323;0.03
324;0.03
325;0.004
326;0.0
327;0.0
328;0.0
329;0.002
330;0.0
331;0.0
332;0.031
333;0.0
334;0.008
335;0.009
336;0.0
337;0.0
338;0.0
339;0.0
340;0.0
341;0.0
342;0.004
343;0.001
344;0.048
345;0.006
346;0.0
347;0.0
348;0.041
349;0.0
350;0.0
351;0.002
352;0.006
353;0.008
354;0.103
355;0.006
356;0.124
357;0.0
358;0.0
359;0.031
360;0.007
361;0.0
362;0.0
363;0.006
364;0.0
365;0.009
366;0.0
367;0.03
368;0.002
369;0.0
370;0.001
371;0.006
372;0.019
373;0.001
374;0.003
375;0.036
376;0.01
377;0.0
378;0.0
379;0.003
380;0.0
381;0.001
382;0.004
383;0.005
384;0.005
385;0.002
386;0.002
387;0.001
388;0.002
389;0.002
390;0.002
391;0.0
392;0.0
393;0.0
394;0.0
395;0.0
396;0.004
397;0.0
398;0.002
399;0.0
400;0.004
401;0.028
402;0.011
403;0.014
404;0.003
405;0.002
406;0.0
407;0.007
408;0.006
409;0.001
410;0.009
411;0.032
412;0.002
413;0.013
414;0.002
415;0.013
416;0.0
417;0.002
418;0.017
419;0.02
420;0.06
421;0.008
422;0.011
423;0.016
424;0.0
425;0.002
426;0.01
427;0.003
428;0.001
429;0.001
430;0.015
431;0.0
432;0.001
433;0.0
434;0.0
435;0.0
436;0.0
437;0.0
438;0.0
439;0.0
440;0.0
441;0.0
442;0.0
443;0.0
444;0.0
445;0.0
446;0.0
447;0.0
448;0.0
449;0.0
450;0.0
451;0.001
452;0.0
453;0.017
454;0.001
455;0.027
456;0.018
457;0.005
458;0.0
459;0.001
460;0.001
461;0.007
462;0.027
463;0.0
464;0.0
465;0.008
466;0.001
467;0.0
468;0.004
469;0.005
470;0.019
471;0.007
472;0.001
473;0.0
474;0.012
475;0.025
476;0.008
477;0.028
478;0.013
479;0.001
480;0.002
481;0.039
482;0.0
483;0.0
484;0.004
485;0.012
486;0.001
487;0.003
488;0.003
489;0.001
490;0.0
491;0.0
492;0.0
493;0.065
494;0.048
495;0.0
496;0.001
497;0.0
498;0.0
499;0.002
500;0.013
501;0.018
502;0.071
503;0.021
504;0.005
505;0.001
506;0.023
507;0.001
508;0.042
509;0.012
510;0.035
511;0.114
512;0.026
513;0.019
514;0.006
515;0.002
516;0.006
517;0.007
518;0.002
519;0.004
520;0.0
521;0.003
522;0.007
523;0.003
524;0.025
525;0.01
526;0.029
527;0.001
528;0.003
529;0.004
530;0.0
531;0.004
532;0.002
533;0.002
534;0.001
535;0.016
536;0.011
537;0.002
538;0.0
539;0.0
540;0.021
541;0.034
542;0.002
543;0.011
544;0.001
545;0.0
546;0.0
547;0.0
548;0.0
549;0.0
550;0.0
551;0.0
552;0.0
553;0.0
554;0.0
555;0.018
556;0.029
557;0.047
558;0.002
559;0.015
560;0.003
561;0.025
562;0.01
563;0.0
564;0.123
565;0.016
566;0.078
567;0.025
568;0.018
569;0.0
570;0.0
571;0.007
572;0.001
573;0.001
574;0.0
575;0.0
576;0.007
577;0.0
578;0.004
579;0.0
580;0.0
581;0.0
582;0.005
583;0.006
584;0.0
585;0.042
586;0.018
587;0.001
588;0.0
589;0.002
590;0.009
591;0.0
592;0.0
593;0.001
594;0.0
595;0.0
596;0.009
597;0.0
598;0.0
599;0.0
600;0.0
601;0.006
602;0.015
603;0.001
604;0.0
605;0.004
606;0.001
607;0.001
608;0.0
609;0.006
610;0.017
611;0.029
612;0.01
613;0.001
614;0.007
615;0.096
616;0.01
617;0.0
618;0.0
619;0.018
620;0.031
621;0.013
622;0.029
623;0.005
624;0.019
625;0.005
626;0.008
627;0.004
628;0.004
629;0.005
630;0.0
631;0.012
632;0.008
633;0.0
634;0.0
635;0.003
636;0.008
637;0.045
638;0.0
639;0.0
640;0.0
641;0.006
642;0.008
643;0.001
644;0.0
645;0.001
646;0.0
647;0.006
648;0.0
649;0.022
650;0.0
651;0.0
652;0.0
653;0.0
654;0.0
655;0.0
656;0.0
657;0.0
658;0.0
659;0.0
660;0.0
661;0.011
662;0.03
663;0.014
664;0.0
665;0.023
666;0.004
667;0.039
668;0.088
669;0.047
670;0.004
671;0.052
672;0.004
673;0.025
674;0.009
675;0.011
676;0.0
677;0.002
678;0.0
