;0
0;0.011
1;0.211
2;0.034
3;0.043
4;0.014
5;0.028
6;0.018
7;0.015
8;0.013
9;0.051
10;0.003
11;0.053
12;0.006
13;0.008
14;0.034
15;0.03
16;0.006
17;0.027
18;0.0
19;0.009
20;0.001
21;0.008
22;0.0
23;0.0
24;0.008
25;0.048
26;0.0
27;0.0
28;0.0
29;0.0
30;0.0
31;0.0
32;0.045
33;0.0
34;0.002
35;0.0
36;0.029
37;0.02
38;0.035
39;0.03
40;0.003
41;0.027
42;0.05
43;0.038
44;0.006
45;0.0
46;0.0
47;0.007
48;0.016
49;0.042
50;0.021
51;0.007
52;0.0
53;0.029
54;0.071
55;0.091
56;0.015
57;0.04
58;0.032
59;0.012
60;0.001
61;0.039
62;0.024
63;0.0
64;0.0
65;0.0
66;0.007
67;0.002
68;0.01
69;0.0
70;0.0
71;0.002
72;0.017
73;0.0
74;0.0
75;0.0
76;0.0
77;0.0
78;0.0
79;0.0
80;0.0
81;0.003
82;0.008
83;0.0
84;0.0
85;0.0
86;0.0
87;0.021
88;0.045
89;0.004
90;0.016
91;0.0
92;0.032
93;0.035
94;0.016
95;0.022
96;0.014
97;0.013
98;0.001
99;0.012
100;0.007
101;0.006
102;0.006
103;0.002
104;0.006
105;0.002
106;0.0
107;0.006
108;0.109
109;0.003
110;0.001
111;0.09
112;0.043
113;0.02
114;0.002
115;0.007
116;0.006
117;0.001
118;0.0
119;0.056
120;0.043
121;0.021
122;0.004
123;0.002
124;0.04
125;0.006
126;0.001
127;0.034
128;0.002
129;0.0
130;0.0
131;0.0
132;0.001
133;0.0
134;0.0
135;0.0
136;0.0
137;0.0
138;0.003
139;0.0
140;0.0
141;0.014
142;0.01
143;0.003
144;0.027
145;0.034
146;0.009
147;0.012
148;0.005
149;0.01
150;0.002
151;0.001
152;0.01
153;0.001
154;0.047
155;0.028
156;0.042
157;0.052
158;0.004
159;0.007
160;0.063
161;0.022
162;0.018
163;0.129
164;0.017
165;0.059
166;0.06
167;0.0
168;0.001
169;0.002
170;0.04
171;0.067
172;0.002
173;0.0
174;0.0
175;0.0
176;0.008
177;0.008
178;0.0
179;0.0
180;0.0
181;0.0
182;0.002
183;0.0
184;0.0
185;0.01
186;0.0
187;0.0
188;0.0
189;0.0
190;0.0
191;0.015
192;0.0
193;0.012
194;0.0
195;0.0
196;0.0
197;0.022
198;0.011
199;0.013
200;0.001
201;0.0
202;0.017
203;0.014
204;0.019
205;0.029
206;0.055
207;0.019
208;0.017
209;0.002
210;0.035
211;0.025
212;0.031
213;0.011
214;0.026
215;0.006
216;0.022
217;0.05
218;0.045
219;0.051
220;0.025
221;0.026
222;0.002
223;0.0
224;0.039
225;0.003
226;0.001
227;0.0
228;0.002
229;0.0
230;0.002
231;0.0
232;0.0
233;0.0
234;0.0
235;0.018
236;0.0
237;0.001
238;0.0
239;0.0
240;0.033
241;0.011
242;0.002
243;0.033
244;0.003
245;0.037
246;0.01
247;0.007
248;0.017
249;0.04
250;0.0
251;0.0
252;0.001
253;0.009
254;0.009
255;0.016
256;0.053
257;0.0
258;0.0
259;0.001
260;0.045
261;0.011
262;0.004
263;0.025
264;0.046
265;0.132
266;0.016
267;0.001
268;0.002
269;0.028
270;0.018
271;0.005
272;0.023
273;0.02
274;0.025
275;0.012
276;0.021
277;0.019
278;0.002
279;0.002
280;0.003
281;0.005
282;0.0
283;0.007
284;0.02
285;0.0
286;0.0
287;0.0
288;0.001
289;0.0
290;0.001
291;0.0
292;0.0
293;0.0
294;0.013
295;0.003
296;0.031
297;0.006
298;0.015
299;0.001
300;0.019
301;0.0
302;0.004
303;0.039
304;0.001
305;0.092
306;0.009
307;0.01
308;0.004
309;0.01
310;0.003
311;0.0
312;0.038
313;0.031
314;0.0
315;0.009
316;0.103
317;0.043
318;0.01
319;0.104
320;0.041
321;0.026
322;0.048
323;0.021
324;0.022
325;0.007
326;0.016
327;0.0
328;0.0
329;0.004
330;0.0
331;0.0
332;0.016
333;0.012
334;0.011
335;0.002
336;0.006
337;0.001
338;0.0
339;0.0
340;0.0
341;0.0
342;0.009
343;0.0
344;0.036
345;0.002
346;0.0
347;0.0
348;0.056
349;0.001
350;0.003
351;0.005
352;0.023
353;0.009
354;0.044
355;0.003
356;0.189
357;0.0
358;0.0
359;0.033
360;0.017
361;0.0
362;0.008
363;0.009
364;0.0
365;0.023
366;0.033
367;0.033
368;0.005
369;0.0
370;0.011
371;0.018
372;0.005
373;0.009
374;0.02
375;0.035
376;0.03
377;0.006
378;0.0
379;0.012
380;0.0
381;0.001
382;0.029
383;0.005
384;0.004
385;0.008
386;0.0
387;0.002
388;0.007
389;0.0
390;0.0
391;0.0
392;0.0
393;0.0
394;0.004
395;0.0
396;0.0
397;0.0
398;0.011
399;0.0
400;0.0
401;0.004
402;0.001
403;0.014
404;0.003
405;0.0
406;0.0
407;0.0
408;0.001
409;0.011
410;0.01
411;0.041
412;0.033
413;0.045
414;0.005
415;0.043
416;0.001
417;0.017
418;0.026
419;0.014
420;0.151
421;0.001
422;0.002
423;0.034
424;0.0
425;0.006
426;0.105
427;0.003
428;0.0
429;0.007
430;0.04
431;0.0
432;0.001
433;0.0
434;0.0
435;0.0
436;0.002
437;0.004
438;0.0
439;0.001
440;0.0
441;0.002
442;0.0
443;0.0
444;0.0
445;0.008
446;0.0
447;0.0
448;0.0
449;0.0
450;0.0
451;0.0
452;0.0
453;0.022
454;0.0
455;0.019
456;0.02
457;0.001
458;0.0
459;0.032
460;0.001
461;0.01
462;0.035
463;0.001
464;0.014
465;0.031
466;0.004
467;0.005
468;0.004
469;0.051
470;0.009
471;0.004
472;0.004
473;0.0
474;0.017
475;0.065
476;0.016
477;0.049
478;0.012
479;0.002
480;0.011
481;0.043
482;0.0
483;0.001
484;0.004
485;0.014
486;0.005
487;0.003
488;0.002
489;0.001
490;0.0
491;0.0
492;0.0
493;0.019
494;0.011
495;0.0
496;0.0
497;0.0
498;0.001
499;0.0
500;0.037
501;0.027
502;0.03
503;0.013
504;0.007
505;0.0
506;0.022
507;0.031
508;0.013
509;0.02
510;0.127
511;0.083
512;0.021
513;0.047
514;0.012
515;0.016
516;0.035
517;0.005
518;0.016
519;0.024
520;0.006
521;0.025
522;0.043
523;0.016
524;0.012
525;0.015
526;0.09
527;0.009
528;0.007
529;0.012
530;0.011
531;0.016
532;0.03
533;0.004
534;0.005
535;0.016
536;0.008
537;0.005
538;0.0
539;0.005
540;0.011
541;0.036
542;0.004
543;0.003
544;0.0
545;0.0
546;0.002
547;0.0
548;0.0
549;0.005
550;0.0
551;0.0
552;0.0
553;0.0
554;0.0
555;0.0
556;0.0
557;0.004
558;0.0
559;0.002
560;0.0
561;0.025
562;0.001
563;0.0
564;0.067
565;0.036
566;0.162
567;0.013
568;0.021
569;0.0
570;0.007
571;0.043
572;0.086
573;0.004
574;0.001
575;0.0
576;0.013
577;0.0
578;0.027
579;0.011
580;0.0
581;0.0
582;0.006
583;0.017
584;0.0
585;0.0
586;0.006
587;0.004
588;0.0
589;0.003
590;0.014
591;0.0
592;0.0
593;0.002
594;0.001
595;0.005
596;0.027
597;0.0
598;0.001
599;0.0
600;0.004
601;0.035
602;0.017
603;0.0
604;0.001
605;0.091
606;0.0
607;0.0
608;0.001
609;0.003
610;0.011
611;0.044
612;0.004
613;0.0
614;0.016
615;0.006
616;0.008
617;0.0
618;0.0
619;0.014
620;0.068
621;0.0
622;0.044
623;0.009
624;0.019
625;0.011
626;0.003
627;0.001
628;0.021
629;0.016
630;0.007
631;0.019
632;0.012
633;0.0
634;0.0
635;0.001
636;0.028
637;0.054
638;0.0
639;0.0
640;0.0
641;0.015
642;0.023
643;0.013
644;0.0
645;0.0
646;0.0
647;0.004
648;0.005
649;0.0
650;0.0
651;0.0
652;0.0
653;0.0
654;0.012
655;0.0
656;0.004
657;0.0
658;0.0
659;0.0
660;0.01
661;0.033
662;0.017
663;0.006
664;0.0
665;0.072
666;0.031
667;0.03
668;0.29
669;0.053
670;0.043
671;0.04
672;0.007
673;0.051
674;0.044
675;0.076
676;0.0
677;0.013
678;0.0
