;0
0;0.023
1;0.088
2;0.067
3;0.041
4;0.012
5;0.005
6;0.005
7;0.018
8;0.001
9;0.044
10;0.0
11;0.007
12;0.004
13;0.003
14;0.05
15;0.017
16;0.001
17;0.011
18;0.0
19;0.005
20;0.001
21;0.009
22;0.0
23;0.0
24;0.0
25;0.0
26;0.0
27;0.001
28;0.0
29;0.0
30;0.0
31;0.0
32;0.0
33;0.0
34;0.0
35;0.001
36;0.001
37;0.056
38;0.036
39;0.033
40;0.013
41;0.017
42;0.034
43;0.003
44;0.027
45;0.001
46;0.0
47;0.001
48;0.01
49;0.012
50;0.009
51;0.003
52;0.003
53;0.043
54;0.033
55;0.03
56;0.02
57;0.023
58;0.063
59;0.001
60;0.0
61;0.074
62;0.034
63;0.001
64;0.0
65;0.0
66;0.006
67;0.005
68;0.005
69;0.008
70;0.0
71;0.001
72;0.003
73;0.0
74;0.0
75;0.0
76;0.001
77;0.0
78;0.0
79;0.0
80;0.0
81;0.0
82;0.0
83;0.0
84;0.0
85;0.0
86;0.0
87;0.009
88;0.002
89;0.001
90;0.032
91;0.0
92;0.032
93;0.043
94;0.049
95;0.014
96;0.017
97;0.005
98;0.013
99;0.002
100;0.0
101;0.006
102;0.001
103;0.005
104;0.004
105;0.002
106;0.0
107;0.015
108;0.071
109;0.0
110;0.006
111;0.056
112;0.047
113;0.011
114;0.016
115;0.038
116;0.006
117;0.0
118;0.0
119;0.011
120;0.012
121;0.011
122;0.0
123;0.0
124;0.027
125;0.027
126;0.001
127;0.004
128;0.0
129;0.0
130;0.0
131;0.0
132;0.0
133;0.0
134;0.0
135;0.0
136;0.0
137;0.0
138;0.0
139;0.0
140;0.0
141;0.006
142;0.05
143;0.022
144;0.025
145;0.019
146;0.02
147;0.016
148;0.004
149;0.044
150;0.041
151;0.003
152;0.022
153;0.0
154;0.021
155;0.005
156;0.01
157;0.012
158;0.001
159;0.002
160;0.042
161;0.015
162;0.022
163;0.061
164;0.0
165;0.031
166;0.004
167;0.001
168;0.003
169;0.001
170;0.008
171;0.026
172;0.002
173;0.0
174;0.0
175;0.001
176;0.0
177;0.0
178;0.0
179;0.0
180;0.0
181;0.0
182;0.0
183;0.0
184;0.0
185;0.003
186;0.0
187;0.0
188;0.0
189;0.0
190;0.0
191;0.018
192;0.0
193;0.035
194;0.0
195;0.0
196;0.0
197;0.027
198;0.021
199;0.085
200;0.006
201;0.001
202;0.019
203;0.001
204;0.026
205;0.011
206;0.007
207;0.001
208;0.007
209;0.0
210;0.02
211;0.018
212;0.027
213;0.007
214;0.036
215;0.005
216;0.016
217;0.057
218;0.034
219;0.014
220;0.009
221;0.024
222;0.007
223;0.0
224;0.025
225;0.002
226;0.0
227;0.0
228;0.003
229;0.0
230;0.0
231;0.0
232;0.0
233;0.0
234;0.0
235;0.001
236;0.0
237;0.0
238;0.0
239;0.0
240;0.0
241;0.006
242;0.002
243;0.018
244;0.013
245;0.014
246;0.001
247;0.0
248;0.009
249;0.001
250;0.0
251;0.0
252;0.019
253;0.02
254;0.016
255;0.022
256;0.034
257;0.0
258;0.0
259;0.001
260;0.046
261;0.009
262;0.024
263;0.016
264;0.038
265;0.057
266;0.008
267;0.0
268;0.0
269;0.039
270;0.007
271;0.0
272;0.012
273;0.003
274;0.011
275;0.001
276;0.0
277;0.007
278;0.003
279;0.0
280;0.004
281;0.001
282;0.001
283;0.004
284;0.017
285;0.0
286;0.0
287;0.0
288;0.0
289;0.003
290;0.0
291;0.0
292;0.0
293;0.0
294;0.0
295;0.0
296;0.0
297;0.0
298;0.0
299;0.003
300;0.017
301;0.0
302;0.0
303;0.003
304;0.001
305;0.046
306;0.002
307;0.006
308;0.028
309;0.005
310;0.005
311;0.0
312;0.011
313;0.0
314;0.0
315;0.017
316;0.049
317;0.033
318;0.009
319;0.08
320;0.1
321;0.035
322;0.004
323;0.028
324;0.019
325;0.004
326;0.0
327;0.0
328;0.0
329;0.0
330;0.0
331;0.0
332;0.006
333;0.001
334;0.0
335;0.017
336;0.0
337;0.0
338;0.0
339;0.0
340;0.0
341;0.0
342;0.002
343;0.0
344;0.014
345;0.007
346;0.001
347;0.0
348;0.063
349;0.003
350;0.001
351;0.008
352;0.037
353;0.002
354;0.055
355;0.001
356;0.011
357;0.0
358;0.0
359;0.024
360;0.015
361;0.001
362;0.0
363;0.002
364;0.0
365;0.01
366;0.0
367;0.019
368;0.0
369;0.001
370;0.004
371;0.013
372;0.012
373;0.014
374;0.01
375;0.035
376;0.011
377;0.003
378;0.0
379;0.01
380;0.0
381;0.0
382;0.009
383;0.0
384;0.002
385;0.001
386;0.002
387;0.0
388;0.0
389;0.002
390;0.044
391;0.0
392;0.0
393;0.0
394;0.0
395;0.0
396;0.0
397;0.008
398;0.0
399;0.023
400;0.0
401;0.0
402;0.0
403;0.054
404;0.001
405;0.006
406;0.0
407;0.025
408;0.008
409;0.009
410;0.032
411;0.028
412;0.004
413;0.013
414;0.007
415;0.024
416;0.0
417;0.0
418;0.017
419;0.048
420;0.042
421;0.011
422;0.051
423;0.032
424;0.0
425;0.013
426;0.01
427;0.0
428;0.0
429;0.002
430;0.019
431;0.001
432;0.001
433;0.0
434;0.0
435;0.0
436;0.001
437;0.0
438;0.0
439;0.002
440;0.0
441;0.0
442;0.0
443;0.0
444;0.0
445;0.01
446;0.0
447;0.0
448;0.0
449;0.0
450;0.0
451;0.0
452;0.0
453;0.018
454;0.0
455;0.015
456;0.042
457;0.012
458;0.0
459;0.0
460;0.0
461;0.041
462;0.054
463;0.0
464;0.001
465;0.008
466;0.001
467;0.0
468;0.019
469;0.01
470;0.018
471;0.013
472;0.0
473;0.0
474;0.023
475;0.021
476;0.017
477;0.047
478;0.01
479;0.002
480;0.004
481;0.022
482;0.0
483;0.0
484;0.009
485;0.032
486;0.008
487;0.012
488;0.001
489;0.001
490;0.0
491;0.0
492;0.0
493;0.013
494;0.053
495;0.0
496;0.0
497;0.0
498;0.0
499;0.0
500;0.014
501;0.0
502;0.009
503;0.008
504;0.0
505;0.001
506;0.002
507;0.026
508;0.035
509;0.028
510;0.032
511;0.045
512;0.048
513;0.041
514;0.008
515;0.012
516;0.007
517;0.02
518;0.009
519;0.006
520;0.0
521;0.002
522;0.016
523;0.001
524;0.03
525;0.028
526;0.02
527;0.0
528;0.0
529;0.0
530;0.001
531;0.002
532;0.011
533;0.023
534;0.001
535;0.019
536;0.01
537;0.002
538;0.0
539;0.0
540;0.004
541;0.006
542;0.006
543;0.015
544;0.0
545;0.0
546;0.0
547;0.001
548;0.0
549;0.0
550;0.0
551;0.0
552;0.0
553;0.0
554;0.0
555;0.0
556;0.064
557;0.0
558;0.0
559;0.0
560;0.001
561;0.027
562;0.016
563;0.0
564;0.049
565;0.03
566;0.116
567;0.059
568;0.041
569;0.0
570;0.001
571;0.046
572;0.016
573;0.0
574;0.0
575;0.0
576;0.002
577;0.0
578;0.001
579;0.0
580;0.0
581;0.0
582;0.009
583;0.012
584;0.0
585;0.065
586;0.024
587;0.002
588;0.0
589;0.002
590;0.002
591;0.0
592;0.0
593;0.002
594;0.0
595;0.001
596;0.005
597;0.0
598;0.0
599;0.0
600;0.0
601;0.0
602;0.0
603;0.0
604;0.0
605;0.0
606;0.0
607;0.0
608;0.0
609;0.001
610;0.015
611;0.0
612;0.009
613;0.0
614;0.011
615;0.0
616;0.019
617;0.0
618;0.0
619;0.024
620;0.01
621;0.034
622;0.058
623;0.025
624;0.014
625;0.004
626;0.021
627;0.006
628;0.003
629;0.018
630;0.004
631;0.014
632;0.008
633;0.0
634;0.0
635;0.005
636;0.001
637;0.045
638;0.0
639;0.003
640;0.0
641;0.011
642;0.008
643;0.0
644;0.0
645;0.0
646;0.0
647;0.0
648;0.0
649;0.006
650;0.0
651;0.0
652;0.0
653;0.0
654;0.0
655;0.0
656;0.0
657;0.0
658;0.0
659;0.0
660;0.0
661;0.031
662;0.004
663;0.0
664;0.0
665;0.043
666;0.005
667;0.018
668;0.121
669;0.058
670;0.035
671;0.038
672;0.014
673;0.024
674;0.011
675;0.017
676;0.0
677;0.002
678;0.0
