;0
0;0.022
1;0.061
2;0.067
3;0.024
4;0.008
5;0.011
6;0.01
7;0.012
8;0.007
9;0.017
10;0.0
11;0.005
12;0.001
13;0.0
14;0.034
15;0.012
16;0.016
17;0.014
18;0.0
19;0.004
20;0.0
21;0.012
22;0.0
23;0.0
24;0.0
25;0.0
26;0.0
27;0.0
28;0.0
29;0.0
30;0.0
31;0.0
32;0.0
33;0.0
34;0.0
35;0.011
36;0.004
37;0.027
38;0.045
39;0.043
40;0.0
41;0.018
42;0.002
43;0.004
44;0.01
45;0.0
46;0.0
47;0.001
48;0.01
49;0.011
50;0.009
51;0.001
52;0.004
53;0.055
54;0.05
55;0.032
56;0.012
57;0.023
58;0.035
59;0.003
60;0.0
61;0.037
62;0.02
63;0.0
64;0.0
65;0.0
66;0.003
67;0.001
68;0.01
69;0.001
70;0.0
71;0.003
72;0.002
73;0.0
74;0.0
75;0.0
76;0.003
77;0.0
78;0.0
79;0.0
80;0.002
81;0.0
82;0.0
83;0.0
84;0.0
85;0.0
86;0.0
87;0.023
88;0.036
89;0.002
90;0.037
91;0.0
92;0.075
93;0.067
94;0.066
95;0.001
96;0.002
97;0.004
98;0.015
99;0.002
100;0.016
101;0.006
102;0.001
103;0.004
104;0.004
105;0.003
106;0.0
107;0.027
108;0.102
109;0.006
110;0.002
111;0.033
112;0.037
113;0.0
114;0.025
115;0.027
116;0.001
117;0.002
118;0.0
119;0.011
120;0.044
121;0.009
122;0.0
123;0.0
124;0.015
125;0.0
126;0.0
127;0.0
128;0.0
129;0.0
130;0.0
131;0.0
132;0.0
133;0.001
134;0.0
135;0.0
136;0.0
137;0.0
138;0.0
139;0.0
140;0.0
141;0.012
142;0.027
143;0.031
144;0.006
145;0.004
146;0.039
147;0.112
148;0.002
149;0.056
150;0.047
151;0.001
152;0.022
153;0.0
154;0.021
155;0.009
156;0.001
157;0.01
158;0.001
159;0.001
160;0.05
161;0.007
162;0.028
163;0.092
164;0.003
165;0.013
166;0.09
167;0.0
168;0.0
169;0.005
170;0.009
171;0.013
172;0.0
173;0.0
174;0.0
175;0.001
176;0.0
177;0.0
178;0.0
179;0.0
180;0.0
181;0.0
182;0.0
183;0.0
184;0.0
185;0.0
186;0.0
187;0.0
188;0.0
189;0.0
190;0.0
191;0.032
192;0.0
193;0.004
194;0.0
195;0.0
196;0.0
197;0.053
198;0.0
199;0.021
200;0.007
201;0.0
202;0.058
203;0.0
204;0.017
205;0.01
206;0.002
207;0.004
208;0.007
209;0.004
210;0.034
211;0.012
212;0.019
213;0.016
214;0.045
215;0.009
216;0.007
217;0.015
218;0.007
219;0.014
220;0.003
221;0.008
222;0.002
223;0.0
224;0.002
225;0.007
226;0.001
227;0.0
228;0.001
229;0.0
230;0.0
231;0.0
232;0.0
233;0.0
234;0.0
235;0.0
236;0.0
237;0.0
238;0.0
239;0.0
240;0.0
241;0.001
242;0.0
243;0.011
244;0.01
245;0.009
246;0.011
247;0.0
248;0.024
249;0.0
250;0.0
251;0.0
252;0.018
253;0.023
254;0.021
255;0.019
256;0.054
257;0.0
258;0.0
259;0.005
260;0.04
261;0.01
262;0.01
263;0.005
264;0.036
265;0.075
266;0.007
267;0.0
268;0.0
269;0.03
270;0.025
271;0.0
272;0.001
273;0.001
274;0.002
275;0.015
276;0.001
277;0.006
278;0.006
279;0.0
280;0.001
281;0.0
282;0.007
283;0.0
284;0.0
285;0.0
286;0.0
287;0.0
288;0.0
289;0.0
290;0.0
291;0.0
292;0.0
293;0.0
294;0.0
295;0.0
296;0.0
297;0.0
298;0.002
299;0.025
300;0.024
301;0.0
302;0.001
303;0.007
304;0.005
305;0.047
306;0.005
307;0.011
308;0.017
309;0.003
310;0.002
311;0.0
312;0.009
313;0.018
314;0.002
315;0.001
316;0.054
317;0.032
318;0.008
319;0.078
320;0.047
321;0.034
322;0.01
323;0.019
324;0.007
325;0.016
326;0.001
327;0.0
328;0.0
329;0.0
330;0.0
331;0.003
332;0.001
333;0.0
334;0.0
335;0.004
336;0.0
337;0.0
338;0.0
339;0.0
340;0.0
341;0.0
342;0.0
343;0.0
344;0.058
345;0.002
346;0.0
347;0.0
348;0.05
349;0.0
350;0.0
351;0.013
352;0.01
353;0.007
354;0.006
355;0.01
356;0.042
357;0.001
358;0.0
359;0.021
360;0.028
361;0.0
362;0.0
363;0.0
364;0.0
365;0.016
366;0.002
367;0.007
368;0.0
369;0.0
370;0.0
371;0.007
372;0.004
373;0.001
374;0.01
375;0.025
376;0.006
377;0.0
378;0.0
379;0.012
380;0.0
381;0.0
382;0.003
383;0.002
384;0.001
385;0.0
386;0.004
387;0.0
388;0.002
389;0.001
390;0.006
391;0.0
392;0.0
393;0.0
394;0.0
395;0.0
396;0.0
397;0.0
398;0.006
399;0.0
400;0.013
401;0.0
402;0.008
403;0.051
404;0.0
405;0.015
406;0.015
407;0.011
408;0.003
409;0.013
410;0.029
411;0.068
412;0.004
413;0.02
414;0.0
415;0.011
416;0.004
417;0.002
418;0.083
419;0.032
420;0.068
421;0.03
422;0.016
423;0.021
424;0.0
425;0.001
426;0.002
427;0.0
428;0.003
429;0.004
430;0.031
431;0.0
432;0.0
433;0.0
434;0.0
435;0.0
436;0.002
437;0.0
438;0.0
439;0.001
440;0.0
441;0.0
442;0.0
443;0.0
444;0.0
445;0.004
446;0.0
447;0.0
448;0.0
449;0.0
450;0.0
451;0.0
452;0.0
453;0.052
454;0.0
455;0.018
456;0.038
457;0.053
458;0.0
459;0.0
460;0.032
461;0.005
462;0.063
463;0.0
464;0.0
465;0.005
466;0.001
467;0.009
468;0.004
469;0.007
470;0.01
471;0.008
472;0.011
473;0.002
474;0.014
475;0.025
476;0.01
477;0.052
478;0.009
479;0.002
480;0.006
481;0.025
482;0.0
483;0.0
484;0.001
485;0.0
486;0.001
487;0.002
488;0.003
489;0.001
490;0.0
491;0.0
492;0.0
493;0.023
494;0.026
495;0.0
496;0.0
497;0.0
498;0.0
499;0.0
500;0.001
501;0.0
502;0.059
503;0.0
504;0.0
505;0.001
506;0.0
507;0.005
508;0.066
509;0.048
510;0.089
511;0.056
512;0.029
513;0.025
514;0.014
515;0.008
516;0.006
517;0.015
518;0.002
519;0.007
520;0.0
521;0.0
522;0.024
523;0.005
524;0.02
525;0.02
526;0.014
527;0.0
528;0.007
529;0.013
530;0.0
531;0.0
532;0.003
533;0.01
534;0.0
535;0.02
536;0.002
537;0.001
538;0.0
539;0.005
540;0.004
541;0.026
542;0.006
543;0.0
544;0.0
545;0.0
546;0.0
547;0.0
548;0.0
549;0.0
550;0.0
551;0.0
552;0.0
553;0.0
554;0.0
555;0.0
556;0.014
557;0.002
558;0.0
559;0.0
560;0.005
561;0.038
562;0.003
563;0.0
564;0.111
565;0.016
566;0.075
567;0.024
568;0.044
569;0.0
570;0.002
571;0.031
572;0.006
573;0.018
574;0.0
575;0.002
576;0.002
577;0.0
578;0.011
579;0.0
580;0.0
581;0.0
582;0.015
583;0.004
584;0.001
585;0.066
586;0.024
587;0.002
588;0.0
589;0.0
590;0.001
591;0.0
592;0.0
593;0.0
594;0.022
595;0.002
596;0.0
597;0.0
598;0.0
599;0.0
600;0.0
601;0.001
602;0.001
603;0.0
604;0.0
605;0.0
606;0.0
607;0.0
608;0.001
609;0.001
610;0.012
611;0.0
612;0.012
613;0.002
614;0.004
615;0.008
616;0.0
617;0.0
618;0.0
619;0.015
620;0.006
621;0.015
622;0.024
623;0.009
624;0.017
625;0.007
626;0.015
627;0.002
628;0.029
629;0.007
630;0.01
631;0.003
632;0.003
633;0.0
634;0.0
635;0.002
636;0.0
637;0.028
638;0.0
639;0.0
640;0.0
641;0.003
642;0.001
643;0.0
644;0.0
645;0.0
646;0.0
647;0.0
648;0.0
649;0.002
650;0.0
651;0.0
652;0.0
653;0.0
654;0.0
655;0.0
656;0.0
657;0.0
658;0.0
659;0.0
660;0.0
661;0.084
662;0.004
663;0.0
664;0.0
665;0.056
666;0.002
667;0.0
668;0.013
669;0.076
670;0.0
671;0.016
672;0.012
673;0.047
674;0.024
675;0.013
676;0.0
677;0.002
678;0.0
