;0
0;0.045
1;0.109
2;0.058
3;0.019
4;0.011
5;0.003
6;0.002
7;0.013
8;0.009
9;0.014
10;0.001
11;0.008
12;0.001
13;0.005
14;0.014
15;0.005
16;0.014
17;0.001
18;0.0
19;0.006
20;0.0
21;0.001
22;0.0
23;0.0
24;0.012
25;0.0
26;0.0
27;0.0
28;0.0
29;0.0
30;0.0
31;0.0
32;0.003
33;0.0
34;0.007
35;0.002
36;0.03
37;0.053
38;0.046
39;0.033
40;0.037
41;0.033
42;0.016
43;0.0
44;0.003
45;0.0
46;0.0
47;0.0
48;0.004
49;0.009
50;0.004
51;0.0
52;0.0
53;0.022
54;0.107
55;0.028
56;0.007
57;0.01
58;0.046
59;0.001
60;0.0
61;0.144
62;0.039
63;0.0
64;0.0
65;0.0
66;0.0
67;0.003
68;0.003
69;0.007
70;0.0
71;0.003
72;0.0
73;0.0
74;0.0
75;0.0
76;0.0
77;0.0
78;0.0
79;0.0
80;0.0
81;0.007
82;0.0
83;0.0
84;0.0
85;0.0
86;0.003
87;0.021
88;0.03
89;0.036
90;0.031
91;0.0
92;0.086
93;0.03
94;0.042
95;0.009
96;0.015
97;0.001
98;0.0
99;0.001
100;0.018
101;0.016
102;0.014
103;0.009
104;0.009
105;0.0
106;0.001
107;0.02
108;0.134
109;0.01
110;0.001
111;0.065
112;0.058
113;0.008
114;0.012
115;0.037
116;0.0
117;0.006
118;0.0
119;0.021
120;0.056
121;0.027
122;0.004
123;0.0
124;0.071
125;0.0
126;0.001
127;0.0
128;0.0
129;0.0
130;0.0
131;0.0
132;0.0
133;0.0
134;0.0
135;0.0
136;0.0
137;0.0
138;0.0
139;0.0
140;0.0
141;0.01
142;0.122
143;0.0
144;0.002
145;0.053
146;0.136
147;0.109
148;0.085
149;0.098
150;0.021
151;0.017
152;0.002
153;0.0
154;0.033
155;0.062
156;0.009
157;0.005
158;0.056
159;0.0
160;0.101
161;0.005
162;0.024
163;0.144
164;0.011
165;0.01
166;0.097
167;0.001
168;0.001
169;0.004
170;0.002
171;0.019
172;0.0
173;0.0
174;0.0
175;0.001
176;0.0
177;0.003
178;0.0
179;0.0
180;0.0
181;0.0
182;0.0
183;0.0
184;0.0
185;0.022
186;0.0
187;0.0
188;0.0
189;0.0
190;0.0
191;0.019
192;0.0
193;0.002
194;0.0
195;0.001
196;0.0
197;0.056
198;0.005
199;0.071
200;0.015
201;0.001
202;0.123
203;0.006
204;0.007
205;0.003
206;0.001
207;0.0
208;0.001
209;0.017
210;0.018
211;0.003
212;0.015
213;0.0
214;0.008
215;0.002
216;0.009
217;0.029
218;0.016
219;0.004
220;0.0
221;0.009
222;0.009
223;0.0
224;0.006
225;0.001
226;0.003
227;0.0
228;0.0
229;0.0
230;0.0
231;0.0
232;0.0
233;0.0
234;0.0
235;0.0
236;0.0
237;0.0
238;0.0
239;0.0
240;0.0
241;0.016
242;0.039
243;0.074
244;0.009
245;0.011
246;0.013
247;0.0
248;0.012
249;0.0
250;0.0
251;0.001
252;0.008
253;0.006
254;0.01
255;0.005
256;0.065
257;0.001
258;0.001
259;0.023
260;0.021
261;0.001
262;0.009
263;0.002
264;0.014
265;0.042
266;0.004
267;0.0
268;0.0
269;0.01
270;0.011
271;0.002
272;0.003
273;0.001
274;0.001
275;0.005
276;0.001
277;0.006
278;0.005
279;0.0
280;0.006
281;0.0
282;0.007
283;0.0
284;0.009
285;0.0
286;0.0
287;0.0
288;0.0
289;0.0
290;0.0
291;0.0
292;0.0
293;0.0
294;0.0
295;0.0
296;0.0
297;0.0
298;0.0
299;0.012
300;0.037
301;0.0
302;0.0
303;0.044
304;0.019
305;0.121
306;0.0
307;0.001
308;0.011
309;0.005
310;0.01
311;0.001
312;0.031
313;0.025
314;0.0
315;0.002
316;0.018
317;0.008
318;0.014
319;0.118
320;0.08
321;0.023
322;0.05
323;0.024
324;0.038
325;0.004
326;0.0
327;0.0
328;0.0
329;0.001
330;0.0
331;0.001
332;0.003
333;0.001
334;0.0
335;0.002
336;0.0
337;0.027
338;0.0
339;0.0
340;0.0
341;0.0
342;0.006
343;0.0
344;0.036
345;0.0
346;0.0
347;0.0
348;0.13
349;0.0
350;0.0
351;0.036
352;0.005
353;0.011
354;0.005
355;0.018
356;0.038
357;0.001
358;0.001
359;0.013
360;0.004
361;0.001
362;0.002
363;0.004
364;0.009
365;0.002
366;0.0
367;0.009
368;0.008
369;0.0
370;0.001
371;0.0
372;0.005
373;0.0
374;0.006
375;0.06
376;0.005
377;0.0
378;0.0
379;0.002
380;0.0
381;0.0
382;0.002
383;0.002
384;0.0
385;0.0
386;0.002
387;0.0
388;0.0
389;0.0
390;0.001
391;0.0
392;0.0
393;0.0
394;0.0
395;0.0
396;0.0
397;0.0
398;0.02
399;0.0
400;0.047
401;0.013
402;0.003
403;0.112
404;0.001
405;0.007
406;0.0
407;0.007
408;0.013
409;0.009
410;0.02
411;0.111
412;0.031
413;0.047
414;0.003
415;0.08
416;0.004
417;0.003
418;0.022
419;0.015
420;0.122
421;0.044
422;0.007
423;0.019
424;0.002
425;0.021
426;0.002
427;0.0
428;0.0
429;0.008
430;0.019
431;0.017
432;0.001
433;0.006
434;0.0
435;0.0
436;0.0
437;0.0
438;0.0
439;0.003
440;0.0
441;0.0
442;0.0
443;0.0
444;0.0
445;0.012
446;0.0
447;0.0
448;0.0
449;0.0
450;0.001
451;0.0
452;0.0
453;0.026
454;0.0
455;0.031
456;0.167
457;0.065
458;0.001
459;0.0
460;0.001
461;0.02
462;0.057
463;0.0
464;0.0
465;0.003
466;0.001
467;0.003
468;0.007
469;0.005
470;0.026
471;0.001
472;0.001
473;0.0
474;0.011
475;0.071
476;0.001
477;0.031
478;0.002
479;0.001
480;0.003
481;0.037
482;0.0
483;0.0
484;0.0
485;0.0
486;0.001
487;0.003
488;0.003
489;0.002
490;0.0
491;0.0
492;0.0
493;0.009
494;0.023
495;0.0
496;0.002
497;0.0
498;0.002
499;0.0
500;0.016
501;0.0
502;0.027
503;0.019
504;0.0
505;0.0
506;0.045
507;0.026
508;0.124
509;0.011
510;0.129
511;0.033
512;0.058
513;0.022
514;0.032
515;0.058
516;0.002
517;0.029
518;0.003
519;0.005
520;0.001
521;0.004
522;0.001
523;0.02
524;0.011
525;0.01
526;0.074
527;0.001
528;0.021
529;0.058
530;0.0
531;0.0
532;0.0
533;0.003
534;0.005
535;0.042
536;0.01
537;0.001
538;0.001
539;0.002
540;0.016
541;0.015
542;0.002
543;0.011
544;0.0
545;0.0
546;0.0
547;0.0
548;0.0
549;0.046
550;0.0
551;0.0
552;0.0
553;0.001
554;0.0
555;0.012
556;0.016
557;0.006
558;0.0
559;0.008
560;0.0
561;0.066
562;0.037
563;0.001
564;0.192
565;0.011
566;0.068
567;0.013
568;0.03
569;0.0
570;0.022
571;0.014
572;0.001
573;0.089
574;0.0
575;0.003
576;0.003
577;0.0
578;0.002
579;0.0
580;0.0
581;0.0
582;0.003
583;0.001
584;0.001
585;0.174
586;0.017
587;0.008
588;0.0
589;0.001
590;0.006
591;0.0
592;0.0
593;0.0
594;0.0
595;0.003
596;0.009
597;0.0
598;0.0
599;0.0
600;0.001
601;0.007
602;0.014
603;0.0
604;0.0
605;0.0
606;0.0
607;0.0
608;0.025
609;0.003
610;0.023
611;0.007
612;0.005
613;0.006
614;0.01
615;0.062
616;0.009
617;0.0
618;0.002
619;0.013
620;0.05
621;0.048
622;0.016
623;0.001
624;0.028
625;0.0
626;0.019
627;0.005
628;0.001
629;0.006
630;0.001
631;0.004
632;0.008
633;0.0
634;0.0
635;0.009
636;0.0
637;0.024
638;0.0
639;0.0
640;0.0
641;0.008
642;0.005
643;0.0
644;0.0
645;0.0
646;0.0
647;0.001
648;0.0
649;0.001
650;0.0
651;0.0
652;0.0
653;0.0
654;0.0
655;0.0
656;0.0
657;0.0
658;0.0
659;0.0
660;0.0
661;0.0
662;0.029
663;0.0
664;0.003
665;0.029
666;0.0
667;0.102
668;0.124
669;0.341
670;0.001
671;0.081
672;0.004
673;0.056
674;0.003
675;0.006
676;0.001
677;0.003
678;0.0
