;0
0;0.014
1;0.037
2;0.026
3;0.031
4;0.046
5;0.02
6;0.022
7;0.015
8;0.001
9;0.022
10;0.0
11;0.021
12;0.007
13;0.0
14;0.011
15;0.06
16;0.0
17;0.0
18;0.0
19;0.0
20;0.0
21;0.008
22;0.0
23;0.0
24;0.005
25;0.0
26;0.0
27;0.0
28;0.0
29;0.0
30;0.0
31;0.0
32;0.0
33;0.0
34;0.0
35;0.02
36;0.106
37;0.057
38;0.015
39;0.073
40;0.008
41;0.025
42;0.023
43;0.004
44;0.047
45;0.001
46;0.001
47;0.023
48;0.029
49;0.049
50;0.013
51;0.035
52;0.001
53;0.04
54;0.052
55;0.005
56;0.028
57;0.022
58;0.034
59;0.004
60;0.0
61;0.033
62;0.016
63;0.0
64;0.0
65;0.001
66;0.009
67;0.029
68;0.01
69;0.0
70;0.0
71;0.007
72;0.0
73;0.001
74;0.0
75;0.0
76;0.002
77;0.0
78;0.0
79;0.0
80;0.0
81;0.0
82;0.0
83;0.0
84;0.0
85;0.0
86;0.0
87;0.011
88;0.018
89;0.016
90;0.062
91;0.0
92;0.04
93;0.031
94;0.023
95;0.014
96;0.013
97;0.016
98;0.01
99;0.012
100;0.008
101;0.007
102;0.007
103;0.021
104;0.002
105;0.008
106;0.001
107;0.027
108;0.069
109;0.007
110;0.001
111;0.02
112;0.042
113;0.025
114;0.008
115;0.0
116;0.0
117;0.001
118;0.0
119;0.017
120;0.029
121;0.013
122;0.0
123;0.0
124;0.009
125;0.001
126;0.001
127;0.0
128;0.0
129;0.0
130;0.0
131;0.0
132;0.001
133;0.0
134;0.001
135;0.0
136;0.0
137;0.0
138;0.0
139;0.0
140;0.0
141;0.01
142;0.012
143;0.0
144;0.042
145;0.005
146;0.059
147;0.015
148;0.001
149;0.0
150;0.017
151;0.002
152;0.008
153;0.001
154;0.027
155;0.006
156;0.03
157;0.005
158;0.006
159;0.003
160;0.004
161;0.019
162;0.029
163;0.019
164;0.0
165;0.009
166;0.013
167;0.0
168;0.002
169;0.0
170;0.005
171;0.014
172;0.008
173;0.0
174;0.0
175;0.001
176;0.018
177;0.0
178;0.0
179;0.0
180;0.0
181;0.0
182;0.0
183;0.0
184;0.0
185;0.005
186;0.0
187;0.0
188;0.0
189;0.0
190;0.0
191;0.009
192;0.0
193;0.036
194;0.0
195;0.001
196;0.0
197;0.05
198;0.03
199;0.017
200;0.012
201;0.001
202;0.053
203;0.001
204;0.045
205;0.009
206;0.009
207;0.001
208;0.002
209;0.0
210;0.022
211;0.042
212;0.033
213;0.015
214;0.042
215;0.01
216;0.027
217;0.037
218;0.034
219;0.018
220;0.009
221;0.011
222;0.009
223;0.0
224;0.014
225;0.003
226;0.003
227;0.001
228;0.006
229;0.001
230;0.001
231;0.0
232;0.0
233;0.0
234;0.0
235;0.0
236;0.0
237;0.0
238;0.0
239;0.0
240;0.0
241;0.001
242;0.001
243;0.03
244;0.0
245;0.046
246;0.0
247;0.001
248;0.012
249;0.011
250;0.0
251;0.0
252;0.024
253;0.035
254;0.024
255;0.048
256;0.014
257;0.01
258;0.001
259;0.001
260;0.04
261;0.012
262;0.008
263;0.024
264;0.037
265;0.036
266;0.023
267;0.0
268;0.0
269;0.044
270;0.025
271;0.001
272;0.032
273;0.014
274;0.021
275;0.0
276;0.017
277;0.026
278;0.015
279;0.0
280;0.002
281;0.01
282;0.002
283;0.0
284;0.0
285;0.0
286;0.0
287;0.0
288;0.0
289;0.0
290;0.001
291;0.0
292;0.0
293;0.0
294;0.0
295;0.0
296;0.001
297;0.001
298;0.0
299;0.007
300;0.02
301;0.0
302;0.001
303;0.011
304;0.008
305;0.066
306;0.005
307;0.0
308;0.007
309;0.015
310;0.011
311;0.003
312;0.043
313;0.004
314;0.0
315;0.039
316;0.055
317;0.045
318;0.046
319;0.072
320;0.075
321;0.005
322;0.023
323;0.011
324;0.007
325;0.008
326;0.001
327;0.0
328;0.0
329;0.001
330;0.0
331;0.0
332;0.002
333;0.003
334;0.0
335;0.0
336;0.001
337;0.0
338;0.0
339;0.0
340;0.0
341;0.0
342;0.0
343;0.0
344;0.007
345;0.012
346;0.0
347;0.0
348;0.049
349;0.004
350;0.012
351;0.005
352;0.012
353;0.065
354;0.073
355;0.002
356;0.032
357;0.001
358;0.001
359;0.014
360;0.033
361;0.001
362;0.001
363;0.0
364;0.001
365;0.013
366;0.001
367;0.033
368;0.001
369;0.001
370;0.007
371;0.005
372;0.006
373;0.015
374;0.017
375;0.037
376;0.007
377;0.001
378;0.0
379;0.01
380;0.0
381;0.001
382;0.023
383;0.01
384;0.017
385;0.001
386;0.004
387;0.006
388;0.0
389;0.003
390;0.002
391;0.0
392;0.0
393;0.0
394;0.0
395;0.0
396;0.005
397;0.004
398;0.0
399;0.0
400;0.012
401;0.001
402;0.002
403;0.01
404;0.012
405;0.003
406;0.0
407;0.024
408;0.004
409;0.007
410;0.012
411;0.013
412;0.028
413;0.003
414;0.007
415;0.002
416;0.0
417;0.003
418;0.022
419;0.072
420;0.058
421;0.038
422;0.058
423;0.023
424;0.0
425;0.0
426;0.001
427;0.0
428;0.0
429;0.0
430;0.046
431;0.001
432;0.0
433;0.0
434;0.0
435;0.0
436;0.0
437;0.0
438;0.0
439;0.001
440;0.0
441;0.0
442;0.0
443;0.003
444;0.0
445;0.0
446;0.0
447;0.0
448;0.0
449;0.0
450;0.0
451;0.0
452;0.0
453;0.024
454;0.0
455;0.022
456;0.014
457;0.001
458;0.0
459;0.002
460;0.0
461;0.059
462;0.021
463;0.016
464;0.006
465;0.031
466;0.002
467;0.005
468;0.004
469;0.007
470;0.003
471;0.02
472;0.0
473;0.0
474;0.096
475;0.042
476;0.016
477;0.071
478;0.007
479;0.004
480;0.021
481;0.047
482;0.0
483;0.013
484;0.005
485;0.0
486;0.013
487;0.016
488;0.001
489;0.004
490;0.0
491;0.0
492;0.001
493;0.014
494;0.001
495;0.0
496;0.0
497;0.0
498;0.0
499;0.0
500;0.002
501;0.005
502;0.005
503;0.004
504;0.0
505;0.0
506;0.015
507;0.072
508;0.022
509;0.005
510;0.011
511;0.056
512;0.011
513;0.078
514;0.034
515;0.002
516;0.029
517;0.001
518;0.008
519;0.011
520;0.001
521;0.005
522;0.022
523;0.011
524;0.026
525;0.041
526;0.008
527;0.003
528;0.0
529;0.009
530;0.007
531;0.001
532;0.004
533;0.013
534;0.001
535;0.01
536;0.019
537;0.002
538;0.0
539;0.011
540;0.019
541;0.005
542;0.034
543;0.0
544;0.0
545;0.0
546;0.0
547;0.0
548;0.0
549;0.013
550;0.0
551;0.0
552;0.0
553;0.0
554;0.0
555;0.0
556;0.028
557;0.005
558;0.0
559;0.0
560;0.0
561;0.01
562;0.0
563;0.0
564;0.047
565;0.024
566;0.046
567;0.007
568;0.042
569;0.002
570;0.006
571;0.017
572;0.006
573;0.007
574;0.0
575;0.0
576;0.0
577;0.0
578;0.001
579;0.001
580;0.0
581;0.0
582;0.004
583;0.019
584;0.0
585;0.044
586;0.029
587;0.005
588;0.0
589;0.005
590;0.004
591;0.0
592;0.0
593;0.001
594;0.0
595;0.002
596;0.024
597;0.0
598;0.0
599;0.0
600;0.0
601;0.001
602;0.0
603;0.0
604;0.0
605;0.006
606;0.0
607;0.0
608;0.0
609;0.0
610;0.048
611;0.003
612;0.019
613;0.0
614;0.01
615;0.003
616;0.014
617;0.001
618;0.0
619;0.002
620;0.006
621;0.028
622;0.058
623;0.056
624;0.006
625;0.041
626;0.003
627;0.013
628;0.008
629;0.019
630;0.017
631;0.02
632;0.018
633;0.001
634;0.001
635;0.005
636;0.017
637;0.079
638;0.0
639;0.018
640;0.002
641;0.014
642;0.004
643;0.007
644;0.0
645;0.0
646;0.0
647;0.006
648;0.003
649;0.0
650;0.0
651;0.0
652;0.0
653;0.0
654;0.003
655;0.0
656;0.0
657;0.0
658;0.0
659;0.0
660;0.0
661;0.021
662;0.024
663;0.0
664;0.0
665;0.04
666;0.03
667;0.019
668;0.038
669;0.032
670;0.078
671;0.035
672;0.017
673;0.038
674;0.049
675;0.044
676;0.0
677;0.005
678;0.001
